ic 10 0.44465780490343443 11 0.44465780490343443 12 0.44465780490343443 13 0.44465780490343443 14 0.44465780490343443 15 1.8541896977532892 16 0.44465780490343443 17 0.44465780490343443 18 0.44465780490343443 19 0.44465780490343443
content 10 0.44465780490343443 11 0.44465780490343443 12 0.44465780490343443 13 0.7047659464249274 14 0.44465780490343443 15 0.7047659464249274 16 0.44465780490343443 17 0.44465780490343443 18 0.44465780490343443 19 0.44465780490343443
to 10 2.3392516455239503 11 1.1010632799830224 12 0.8518988416086086 13 1.9268085951548704 15 2.5460189213999858 17 1.2778482624129128
190 10 1.7749771702715547
edu 10 0.7047659464249274 11 0.44465780490343443 12 0.44465780490343443 13 0.8893156098068689 14 0.44465780490343443 15 1.538263269756796 16 0.44465780490343443 17 0.44465780490343443 18 0.44465780490343443 19 1.1494237513283618
game 10 2.5554564329063556 12 0.6829340751157951 14 0.6829340751157951 15 2.2101230480788168 16 0.43088342771835975 17 1.921495181514072 19 0.43088342771835975
from 10 1.975584358270874 13 1.3170562388472493 15 1.3170562388472493 17 0.6585281194236247
inf 10 1.8020986539858788 13 1.8020986539858788
prototyp 10 1.904983071747093 15 0.6585281194236247 16 0.4154849841078228 17 0.6585281194236247
pitchabl 10 1.592110674242336
transformativeplay 10 0.44465780490343443 11 0.44465780490343443 12 0.44465780490343443 13 0.44465780490343443 14 0.44465780490343443 15 0.44465780490343443 16 0.44465780490343443 17 0.44465780490343443 18 0.44465780490343443 19 0.44465780490343443
https 10 0.44465780490343443 11 0.44465780490343443 12 0.44465780490343443 13 0.44465780490343443 14 0.44465780490343443 15 0.44465780490343443 16 0.44465780490343443 17 0.44465780490343443 18 0.44465780490343443 19 0.44465780490343443
concept 10 1.616437975148555 13 0.640498393838024
url 10 0.44465780490343443 11 0.44465780490343443 12 0.44465780490343443 13 0.44465780490343443 14 0.44465780490343443 15 0.44465780490343443 16 0.44465780490343443 17 0.44465780490343443 18 0.44465780490343443 19 0.44465780490343443
uci 10 1.1494237513283618 11 0.44465780490343443 12 0.7047659464249274 13 1.2483122772269866 14 0.44465780490343443 15 1.7786312196137377 16 0.44465780490343443 17 0.44465780490343443 18 0.44465780490343443 19 0.44465780490343443
play 10 1.719913502589491 11 1.719913502589491 12 1.9631562407685437 13 1.7609026518661501 14 1.719913502589491 15 1.7609026518661501 16 2.044344669864837 17 1.7609026518661501 19 1.7609026518661501
transform 10 1.7609026518661501 11 1.719913502589491 12 1.9336108494022533 13 1.719913502589491 14 1.719913502589491 15 1.719913502589491 16 1.9026236608654936 17 1.8700467058394976 19 1.719913502589491
lab 10 1.9026236608654936 11 1.719913502589491 12 1.7609026518661501 13 1.7609026518661501 14 1.719913502589491 15 1.719913502589491 16 1.7609026518661501 17 1.719913502589491 19 1.719913502589491
the 10 2.5334491659377543 11 1.719913502589491 12 1.8357079982806819 13 2.4971472067975897 14 1.7609026518661501 15 2.679857365073593 16 1.7609026518661501 17 1.9631562407685437 19 1.7609026518661501
of 10 2.2011283148326877 11 0.44022566296653753 12 0.8804513259330751 13 2.3102723688060354 14 1.1379668306236097 15 2.0932235029712167 16 0.6977411676570722 17 1.235869681745181 19 1.0221723349324185
depart 10 1.235869681745181 11 0.44022566296653753 12 0.44022566296653753 13 1.1379668306236097 14 0.8804513259330751 15 0.44022566296653753 16 0.44022566296653753 17 0.44022566296653753 19 0.6977411676570722
informat 10 1.5229305778020064 11 0.44022566296653753 12 0.44022566296653753 13 1.1379668306236097 14 0.8804513259330751 15 0.44022566296653753 16 0.44022566296653753 17 0.44022566296653753 19 0.44022566296653753
irvin 10 0.44022566296653753 11 0.44022566296653753 12 0.44022566296653753 13 0.6977411676570722 14 0.8804513259330751 15 0.6977411676570722 16 0.44022566296653753 17 0.44022566296653753 19 0.8804513259330751
uc 10 0.44022566296653753 11 0.44022566296653753 12 0.44022566296653753 13 0.44022566296653753 14 0.6977411676570722 15 0.44022566296653753 16 0.44022566296653753 17 0.44022566296653753 19 0.6977411676570722
at 10 1.5229305778020064 11 0.44022566296653753 12 0.6977411676570722 13 1.5781924935901472 14 0.6977411676570722 15 1.3954823353141443 16 0.44022566296653753 17 1.8700467058394976 19 0.44022566296653753
special 10 1.3170562388472493 13 0.4154849841078228 15 0.8309699682156456 17 0.4154849841078228
project 10 1.5270127007873269 11 1.3502277183574365 12 0.4259494208043043 13 1.2778482624129128 15 1.8709050622212675 17 0.4259494208043043
in 10 2.116321007678256 12 0.43563797590004383 13 1.9134602715698361 14 0.43563797590004383 15 2.071409567074909 16 0.43563797590004383 17 1.12610783159168 19 0.43563797590004383
theresa 10 0.9383131870350675 15 0.9383131870350675
tanenbaum 10 1.150793525251323 13 1.0596302182793031 15 0.9518069114456944
professor 10 1.2464549523234685 13 1.0740131035314475 14 0.6585281194236247 15 0.9647262576037832
jean 10 0.9241916261733354
wednesday 10 0.9518069114456944 12 0.4099209245718985 15 0.6497092937074046
2015 10 0.9518069114456944 12 1.639683698287594 17 1.675536547038618
spring 10 0.9383131870350675 15 0.40410949378713873
30pm 10 0.9241916261733354
30 10 0.9383131870350675 15 0.40410949378713873
ics2 10 1.0288865974785788
cog 10 1.0288865974785788
170 10 1.0288865974785788
locat 10 0.9383131870350675 15 0.40410949378713873
are 10 1.664137786345232 13 1.3502277183574365 14 0.4259494208043043 15 1.8709050622212675 16 0.4259494208043043 17 1.1010632799830224
topic 10 0.640498393838024 13 0.640498393838024
for 10 2.2101230480788168 11 1.1138175028341548 12 0.6829340751157951 13 1.921495181514072 15 2.048802225347385 16 1.0004803364406276 17 0.8617668554367195
we 10 1.2096427116381891 11 1.1138175028341548 12 0.43088342771835975 13 1.5447009305525146 15 1.7967515779499497 16 0.43088342771835975 17 1.1138175028341548
excit 10 0.4099209245718985 15 0.4099209245718985 17 0.4099209245718985
student 10 1.5818987992839446 12 0.6585281194236247 13 1.380211241711606 15 1.5818987992839446
director 10 0.6308589289179948
wild 10 0.398027668560584
design 10 1.664137786345232 11 1.1010632799830224 13 1.414973347970818 15 1.1010632799830224 16 1.1957912030425493 17 1.1957912030425493
produc 10 1.0288865974785788
profession 10 0.8082189875742775 15 0.8082189875742775
program 10 0.4154849841078228 13 0.4154849841078228 15 0.4154849841078228 19 0.4154849841078228
u00a0 10 2.084834179211828 13 1.6832874989961975 14 0.42082187474904936 15 1.8483832523466708 17 0.9771181339229884
uniqu 10 0.6308589289179948
intend 10 0.398027668560584
collabor 10 0.8309699682156456 12 0.4154849841078228 13 1.0740131035314475 17 0.4154849841078228
and 10 2.388780999070687 11 1.1379668306236097 12 0.8804513259330751 13 2.471739363490362 14 0.6977411676570722 15 2.733560724543802 16 1.462397997898956 17 1.9913880610754058 19 0.44022566296653753
chanc 10 0.8082189875742775 15 0.40410949378713873
writer 10 0.40410949378713873 13 0.40410949378713873
develop 10 1.3617278360175928 12 0.819841849143797 15 1.0596302182793031
rango 10 0.398027668560584
work 10 1.557225979583978 13 1.0878087657094677 15 1.1813963613862521 16 0.42082187474904936 17 0.42082187474904936
anim 10 0.40410949378713873 15 0.40410949378713873
win 10 0.398027668560584
launch 10 0.398027668560584
announc 10 0.640498393838024 13 0.640498393838024
applic 10 0.40410949378713873 13 0.40410949378713873
where 10 0.6497092937074046 13 1.150793525251323 15 0.819841849143797
u201d 10 1.1010632799830224 12 0.4259494208043043 13 1.3502277183574365 14 0.4259494208043043 15 1.1010632799830224 17 0.4259494208043043
award 10 0.6308589289179948
group 10 0.6669868909604184 12 0.42082187474904936 15 0.42082187474904936 16 0.42082187474904936 17 0.42082187474904936
with 10 1.7037976832172173 12 1.7761771391617407 13 1.5270127007873269 15 1.7761771391617407 16 0.4259494208043043 17 0.6751138591787182
is 10 1.921495181514072 13 2.048802225347385 14 0.43088342771835975 15 2.071409567074909 16 0.43088342771835975 17 0.43088342771835975 19 0.43088342771835975
artist 10 0.40410949378713873 15 0.40410949378713873
base 10 0.819841849143797 11 1.0596302182793031 13 0.4099209245718985
u2019r 10 0.398027668560584
thing 10 0.4099209245718985 13 0.4099209245718985 15 0.6497092937074046
programm 10 0.40410949378713873 15 0.640498393838024
divers 10 0.40410949378713873 12 0.40410949378713873
cours 10 1.6015162051530991 13 1.7413143738252002 15 1.8543026993851561
interact 10 0.8617668554367195 11 1.1138175028341548 12 0.43088342771835975 13 1.2096427116381891 14 0.43088342771835975 15 0.43088342771835975 17 0.8617668554367195
commerci 10 0.796055337121168
musician 10 0.6308589289179948
this 10 1.6022182361353015 13 1.6022182361353015 15 1.9542362678459768 16 0.42082187474904936 17 0.8416437494980987
cgs 10 0.398027668560584
veri 10 0.4099209245718985 13 0.4099209245718985 15 0.4099209245718985
two 10 0.9518069114456944 13 0.6497092937074046 15 0.4099209245718985
u201cspeci 10 0.398027668560584
small 10 0.640498393838024 12 0.40410949378713873
our 10 0.9771181339229884 12 0.42082187474904936 13 0.8416437494980987 15 0.9771181339229884 16 1.0878087657094677
have 10 1.557225979583978 13 1.5086306404585172 14 0.42082187474904936 15 1.9542362678459768 17 0.42082187474904936
member 10 0.8082189875742775 15 0.640498393838024
properti 10 1.1344787764335307 15 0.40410949378713873
provid 10 0.8309699682156456 13 0.8309699682156456 15 0.6585281194236247 17 1.0740131035314475
as 10 1.3170562388472493 13 0.9647262576037832 15 1.537477137483808 17 1.795696225819429
team 10 1.150793525251323 15 2.276942197696457 17 0.4099209245718985
role 10 0.398027668560584
u201cstudio 10 0.398027668560584
on 10 1.640526139356549 12 0.43088342771835975 13 1.6834144115564227 15 1.6834144115564227 16 0.43088342771835975 17 0.8617668554367195 19 1.1138175028341548
10 10 1.4695511428512016 13 0.6497092937074046 15 1.0596302182793031
pitch 10 0.796055337121168
refin 10 0.40410949378713873 15 0.40410949378713873
parallel 10 0.398027668560584
will 10 1.904983071747093 13 2.0387393611352307 15 1.9294525152075663 17 1.0740131035314475
14 10 0.398027668560584
piec 10 0.4099209245718985 15 0.4099209245718985 17 0.4099209245718985
up 10 0.819841849143797 13 1.0596302182793031 15 0.4099209245718985
studio 10 0.40410949378713873 17 1.1344787764335307
test 10 0.40410949378713873 15 0.40410949378713873
common 10 0.640498393838024 15 0.40410949378713873
carl 10 0.398027668560584
secret 10 0.398027668560584
configur 10 0.398027668560584
hollywood 10 0.398027668560584
intellectu 10 1.1344787764335307 15 0.640498393838024
by 10 1.1379668306236097 11 0.44022566296653753 12 0.44022566296653753 13 1.3206769888996126 14 0.44022566296653753 15 1.719913502589491 16 0.44022566296653753 17 0.6977411676570722 19 0.44022566296653753
industri 10 0.640498393838024 15 0.9383131870350675
john 10 0.398027668560584
each 10 0.819841849143797 13 1.0596302182793031 15 1.4180934076050602
divid 10 0.40410949378713873 13 0.40410949378713873
that 10 1.6619399364312912 13 1.623254377027408 15 1.623254377027408 17 1.0740131035314475
determin 10 0.819841849143797 13 0.6497092937074046 15 1.150793525251323
specif 10 0.4099209245718985 13 0.6497092937074046 17 0.4099209245718985
be 10 1.6982794336382137 13 1.9529621215916309 15 1.8528268751994401 17 0.8309699682156456
creativ 10 0.640498393838024 12 0.40410949378713873
world 10 0.6497092937074046 13 0.6497092937074046 15 0.6497092937074046
deliver 10 0.4099209245718985 13 0.6497092937074046 15 0.9518069114456944
put 10 1.150793525251323 13 0.4099209245718985 15 0.4099209245718985
number 10 0.40410949378713873 15 0.40410949378713873
music 10 0.398027668560584
art 10 0.40410949378713873 15 0.640498393838024
scienc 10 0.6497092937074046 13 1.150793525251323 14 0.4099209245718985
accompani 10 0.398027668560584
qualiti 10 0.640498393838024 15 0.40410949378713873
comput 10 0.9647262576037832 13 1.7649500954142914 14 0.4154849841078228 15 0.4154849841078228
success 10 0.9383131870350675 13 0.8082189875742775
innov 10 0.6308589289179948
rang 10 0.6308589289179948
background 10 0.398027668560584
media 10 0.42082187474904936 13 0.6669868909604184 14 0.42082187474904936 16 0.42082187474904936 19 0.42082187474904936
studi 10 0.8416437494980987 13 0.42082187474904936 14 0.42082187474904936 16 0.6669868909604184 19 0.6669868909604184
if 10 1.4373418910916174 13 1.0740131035314475 15 1.6982794336382137 17 0.4154849841078228
might 10 0.819841849143797 13 0.6497092937074046 15 0.6497092937074046
ambiti 10 0.40410949378713873 17 0.40410949378713873
final 10 1.639683698287594 13 1.5607144498232215 15 1.2994185874148092
visual 10 0.4154849841078228 13 0.4154849841078228 15 0.4154849841078228 19 0.6585281194236247
make 10 0.6497092937074046 12 0.4099209245718985 15 0.9518069114456944
motiv 10 0.398027668560584
into 10 0.9647262576037832 13 0.8309699682156456 15 0.4154849841078228 17 0.6585281194236247
playabl 10 0.40410949378713873 15 1.5385882702206695
class 10 1.7716487605894913 13 1.675536547038618 15 2.237935256748857
someth 10 0.6497092937074046 13 0.6497092937074046 15 1.0596302182793031
look 10 0.640498393838024 15 0.40410949378713873
basi 10 0.640498393838024 13 0.640498393838024
packag 10 0.398027668560584
film 10 0.398027668560584
which 10 0.8416437494980987 12 0.42082187474904936 13 0.9771181339229884 15 0.8416437494980987 17 0.42082187474904936
includ 10 0.6585281194236247 13 0.9647262576037832 15 0.6585281194236247 17 0.6585281194236247
effort 10 0.398027668560584
well 10 0.819841849143797 15 0.6497092937074046 17 0.4099209245718985
scroll 10 0.398027668560584
return 10 0.40410949378713873 15 0.40410949378713873
storytel 10 0.4099209245718985 11 1.8005028189587278 16 0.9518069114456944
compos 10 0.398027668560584
new 10 0.6751138591787182 11 1.1010632799830224 13 0.6751138591787182 14 0.4259494208043043 15 0.8518988416086086 17 0.8518988416086086
school 10 0.42082187474904936 12 0.42082187474904936 13 1.0878087657094677 14 0.42082187474904936 15 0.42082187474904936
josh 10 0.398027668560584
phd 10 0.40410949378713873 19 0.40410949378713873
hardwar 10 0.4099209245718985 15 0.4099209245718985 17 0.6497092937074046
decad 10 0.398027668560584
move 10 0.4099209245718985 13 0.4099209245718985 15 0.4099209245718985
charact 10 0.40410949378713873 17 0.40410949378713873
digit 10 0.4259494208043043 11 0.9890239271665138 13 1.1010632799830224 14 0.4259494208043043 15 0.4259494208043043 16 0.9890239271665138
master 10 0.398027668560584
oblivion 10 0.398027668560584
rpg 10 0.398027668560584
interfac 10 0.4099209245718985 16 0.9518069114456944 17 0.9518069114456944
board 10 0.819841849143797 13 0.6497092937074046 17 0.4099209245718985
his 10 0.40410949378713873 19 0.40410949378713873
mass 10 0.398027668560584
u201cnarr 10 0.398027668560584
other 10 1.1664138151761219 13 0.8309699682156456 15 1.3170562388472493 17 0.8309699682156456
their 10 0.8416437494980987 13 0.6669868909604184 14 0.42082187474904936 15 1.1813963613862521 17 0.8416437494980987
about 10 0.6585281194236247 13 0.8309699682156456 15 1.0740131035314475 17 0.4154849841078228
system 10 0.6669868909604184 11 1.3979400086720377 13 0.6669868909604184 15 0.6669868909604184 16 1.0878087657094677
elder 10 0.398027668560584
prop 10 0.40410949378713873 17 0.640498393838024
creat 10 1.6022182361353015 11 1.0878087657094677 15 0.9771181339229884 16 0.42082187474904936 17 0.42082187474904936
u2019 10 1.3170562388472493 13 1.3170562388472493 15 0.6585281194236247 17 0.6585281194236247
also 10 0.6585281194236247 13 1.0740131035314475 15 0.6585281194236247 17 0.9647262576037832
was 10 0.640498393838024 13 0.40410949378713873
experi 10 0.42082187474904936 12 0.42082187474904936 13 0.42082187474904936 15 0.8416437494980987 17 0.6669868909604184
use 10 1.2464549523234685 13 1.0740131035314475 15 1.623254377027408 17 0.9647262576037832
degre 10 0.40410949378713873 13 0.40410949378713873
trilog 10 0.398027668560584
effect 10 0.40410949378713873 13 0.40410949378713873
softwar 10 0.819841849143797 13 0.9518069114456944 15 0.6497092937074046
has 10 0.9647262576037832 13 1.380211241711606 15 0.8309699682156456 17 0.4154849841078228
he 10 0.398027668560584
player 10 0.398027668560584
hybrid 10 0.4099209245718985 11 0.9518069114456944 16 0.9518069114456944
start 10 1.0596302182793031 15 0.4099209245718985 17 0.4099209245718985
first 10 0.819841849143797 13 0.9518069114456944 15 1.4695511428512016
over 10 0.4099209245718985 13 0.6497092937074046 15 0.6497092937074046
offer 10 0.40410949378713873 15 0.640498393838024
befor 10 0.9518069114456944 13 0.6497092937074046 15 1.9268085951548704
faculti 10 0.40410949378713873 15 0.40410949378713873
costum 10 0.4099209245718985 16 0.9518069114456944 17 1.8280143321769586
posit 10 0.398027668560584
beyond 10 0.398027668560584
an 10 1.1010632799830224 12 0.4259494208043043 13 0.8518988416086086 14 0.4259494208043043 15 2.1670018505940023 17 0.8518988416086086
lay 10 0.40410949378713873 16 0.40410949378713873
one 10 0.819841849143797 13 1.150793525251323 15 0.819841849143797
particip 10 0.6585281194236247 13 1.380211241711606 15 0.6585281194236247 17 0.9647262576037832
sign 10 0.640498393838024 13 0.9383131870350675
possibl 10 0.4154849841078228 13 0.6585281194236247 15 0.6585281194236247 17 0.9647262576037832
some 10 0.6497092937074046 13 1.0596302182793031 15 1.0596302182793031
real 10 0.398027668560584
especi 10 0.8082189875742775 15 0.40410949378713873
agreement 10 0.640498393838024 15 0.40410949378713873
classroom 10 0.40410949378713873 15 0.40410949378713873
ip 10 0.640498393838024 15 0.40410949378713873
compani 10 0.40410949378713873 15 0.40410949378713873
opportun 10 0.819841849143797 13 0.6497092937074046 15 0.4099209245718985
job 10 0.40410949378713873 15 0.40410949378713873
differ 10 0.8082189875742775 13 0.40410949378713873
who 10 0.6497092937074046 13 0.6497092937074046 15 0.819841849143797
your 10 1.516887670582972 13 1.4695511428512016 15 1.8280143321769586
groundwork 10 0.398027668560584
take 10 0.4154849841078228 13 0.6585281194236247 15 0.4154849841078228 17 0.6585281194236247
were 10 0.640498393838024 15 0.40410949378713873
go 10 0.819841849143797 13 0.4099209245718985 15 0.4099209245718985
these 10 1.537477137483808 13 0.6585281194236247 15 1.1664138151761219 17 0.8309699682156456
u2019v 10 0.398027668560584
requir 10 1.2297627737156953 13 1.3617278360175928 15 0.9518069114456944
but 10 0.9647262576037832 13 0.9647262576037832 15 1.3170562388472493 17 0.4154849841078228
it 10 1.1664138151761219 13 1.0740131035314475 15 1.3170562388472493 17 0.4154849841078228
credit 10 1.495382821287819 15 0.40410949378713873
substitut 10 0.398027668560584
grade 10 1.3170562388472493 12 0.4154849841078228 13 1.6982794336382137 15 1.5818987992839446
major 10 1.0596302182793031 13 0.6497092937074046 16 0.4099209245718985
marketplac 10 0.398027668560584
appli 10 0.40410949378713873 17 0.40410949378713873
similar 10 0.640498393838024 17 0.40410949378713873
taken 10 0.6308589289179948
you 10 1.7093395119867076 13 1.5607144498232215 15 1.97063537439512
outcom 10 0.398027668560584
evalu 10 1.3424226808222062 13 0.9383131870350675
progress 10 0.6497092937074046 13 0.4099209245718985 15 0.6497092937074046
involv 10 0.398027668560584
mileston 10 0.6308589289179948
four 10 0.398027668560584
contribut 10 0.6497092937074046 13 0.6497092937074046 17 0.4099209245718985
activ 10 0.4099209245718985 13 0.6497092937074046 15 0.9518069114456944
addit 10 0.6585281194236247 13 0.8309699682156456 15 0.9647262576037832 17 0.4154849841078228
etc 10 0.9518069114456944 13 0.9518069114456944 15 0.4099209245718985
challeng 10 0.4099209245718985 13 0.4099209245718985 15 0.6497092937074046
playtest 10 0.398027668560584
session 10 0.6308589289179948
critiqu 10 0.398027668560584
attend 10 0.4099209245718985 13 0.4099209245718985 15 0.9518069114456944
find 10 0.6497092937074046 13 0.4099209245718985 15 0.4099209245718985
how 10 0.6585281194236247 13 0.6585281194236247 15 0.4154849841078228 17 0.4154849841078228
account 10 0.6497092937074046 13 0.4099209245718985 15 0.4099209245718985
due 10 1.150793525251323 13 0.4099209245718985 15 2.151235298397099
natur 10 0.819841849143797 13 0.4099209245718985 15 0.4099209245718985
size 10 0.398027668560584
everyon 10 0.4099209245718985 13 1.150793525251323 15 0.6497092937074046
confidenti 10 0.398027668560584
self 10 1.0446078876251628 17 0.40410949378713873
own 10 1.0740131035314475 13 0.8309699682156456 15 0.6585281194236247 17 0.6585281194236247
import 10 1.2297627737156953 13 1.0596302182793031 15 0.9518069114456944
distribut 10 0.4099209245718985 13 0.4099209245718985 15 0.6497092937074046
way 10 0.8082189875742775 13 0.8082189875742775
valuabl 10 0.398027668560584
submit 10 1.2297627737156953 13 0.4099209245718985 15 2.0496046228594924
kept 10 0.398027668560584
peer 10 1.0288865974785788
end 10 0.40410949378713873 15 0.9383131870350675
extra 10 1.117404934448668
three 10 0.640498393838024 15 0.640498393838024
earli 10 0.40410949378713873 13 0.40410949378713873
complet 10 0.819841849143797 13 0.4099209245718985 15 0.819841849143797
connect 10 0.398027668560584
week 10 2.7634683800364885 13 1.2297627737156953 15 1.8543026993851561
get 10 0.819841849143797 13 0.4099209245718985 15 0.6497092937074046
u00a0each 10 0.398027668560584
there 10 0.4099209245718985 13 0.6497092937074046 15 1.0596302182793031
u00a0assign 10 0.398027668560584
come 10 0.6497092937074046 13 0.819841849143797 15 0.819841849143797
assign 10 1.2994185874148092 13 0.4099209245718985 15 1.2297627737156953
ve 10 0.40410949378713873 15 0.40410949378713873
ll 10 0.4099209245718985 13 0.4099209245718985 15 0.6497092937074046
u00a0i 10 0.6497092937074046 13 0.6497092937074046 15 0.4099209245718985
all 10 1.0596302182793031 13 1.3617278360175928 15 0.819841849143797
bump 10 0.398027668560584
what 10 1.4894980876392705 13 1.380211241711606 15 1.3170562388472493 17 0.4154849841078228
do 10 0.9518069114456944 13 0.9518069114456944 15 1.4695511428512016
push 10 0.398027668560584
need 10 1.0596302182793031 13 0.819841849143797 15 1.0596302182793031
even 10 0.398027668560584
read 10 2.1585144953092406 12 0.42082187474904936 13 1.7876208200053971 15 0.42082187474904936 16 0.42082187474904936
letter 10 0.398027668560584
may 10 0.9647262576037832 13 0.8309699682156456 15 1.2464549523234685 17 0.4154849841078228
crazi 10 0.398027668560584
u00a0they 10 0.398027668560584
option 10 0.40410949378713873 13 0.40410949378713873
u00a0that 10 0.40410949378713873 15 0.40410949378713873
entir 10 0.640498393838024 15 1.921495181514072
u00a0her 10 0.398027668560584
like 10 0.6497092937074046 13 0.4099209245718985 17 0.6497092937074046
quarter 10 0.4099209245718985 13 0.6497092937074046 15 1.4695511428512016
et 10 0.9241916261733354
hunick 10 0.9241916261733354
al 10 0.9241916261733354
mda 10 1.4728773936606834
paper 10 1.150793525251323 13 1.3617278360175928 15 0.4099209245718985
tool 10 1.5788115808730916 15 0.40410949378713873
leblanc 10 1.748263863366663
dynam 10 1.4728773936606834
dramat 10 1.4728773936606834
feel 10 1.495382821287819 15 0.640498393838024
swink 10 0.9241916261733354
until 10 0.398027668560584
decis 10 0.398027668560584
so 10 0.6585281194236247 13 0.4154849841078228 15 1.1664138151761219 17 0.6585281194236247
onli 10 1.150793525251323 13 0.4099209245718985 15 0.4099209245718985
within 10 1.0740131035314475 13 0.4154849841078228 16 0.4154849841078228 17 0.4154849841078228
via 10 0.6497092937074046 13 0.4099209245718985 15 1.9268085951548704
accept 10 0.640498393838024 15 0.40410949378713873
u00a0thes 10 0.398027668560584
note 10 0.40410949378713873 13 0.640498393838024
aspect 10 0.40410949378713873 17 0.40410949378713873
abov 10 0.40410949378713873 13 0.40410949378713873
discuss 10 1.150793525251323 13 1.7413143738252002 15 0.4099209245718985
count 10 1.0288865974785788
eee 10 0.6308589289179948
point 10 0.398027668560584
u00a0thus 10 0.398027668560584
should 10 0.6497092937074046 13 1.0596302182793031 15 1.150793525251323
think 10 0.6497092937074046 13 0.4099209245718985 15 0.4099209245718985
materi 10 1.2297627737156953 13 1.150793525251323 15 0.6497092937074046
schedul 10 0.9518069114456944 13 1.3617278360175928 15 0.9518069114456944
prepar 10 0.819841849143797 12 0.4099209245718985 13 0.819841849143797
u00a0avail 10 0.398027668560584
host 10 0.398027668560584
id 10 0.6308589289179948
idea 10 0.6585281194236247 12 0.4154849841078228 13 0.8309699682156456 15 0.4154849841078228
lectur 10 0.40410949378713873 15 1.5385882702206695
present 10 1.150793525251323 13 1.2297627737156953 15 0.819841849143797
them 10 0.8309699682156456 13 0.6585281194236247 15 0.6585281194236247 17 0.4154849841078228
arriv 10 0.40410949378713873 17 0.40410949378713873
pleas 10 1.4894980876392705 13 0.9647262576037832 15 1.623254377027408 17 0.4154849841078228
u2013 10 1.4695511428512016 13 0.819841849143797 15 0.4099209245718985
pdfs 10 0.398027668560584
access 10 0.819841849143797 13 0.4099209245718985 15 0.6497092937074046
order 10 0.398027668560584
u201cpitch 10 0.398027668560584
webfil 10 0.398027668560584
much 10 0.40410949378713873 13 0.40410949378713873
u201c 10 0.398027668560584
skill 10 0.40410949378713873 13 0.40410949378713873
dedic 10 0.398027668560584
critic 10 0.40410949378713873 13 0.640498393838024
time 10 1.1664138151761219 13 1.3170562388472493 15 0.8309699682156456 17 0.4154849841078228
date 10 0.9383131870350675 15 0.640498393838024
descript 10 0.9383131870350675 15 0.9383131870350675
plan 10 0.9647262576037832 13 0.4154849841078228 15 0.8309699682156456 17 0.4154849841078228
formal 10 1.2617178578359896
hunck 10 1.2617178578359896
approach 10 1.280996787676048 15 0.40410949378713873
research 10 1.4735428942706539 13 0.9890239271665138 14 0.4259494208043043 16 1.5762001546634412 17 0.4259494208043043 19 0.4259494208043043
zubek 10 1.2617178578359896
u2013swink 10 1.2617178578359896
chapter 10 1.2617178578359896
defin 10 1.280996787676048 13 0.40410949378713873
polici 10 1.2297627737156953 13 1.3617278360175928 15 1.150793525251323
those 10 0.4099209245718985 13 0.4099209245718985 15 0.4099209245718985
honesti 10 0.6497092937074046 13 1.0596302182793031 15 0.4099209245718985
close 10 0.4099209245718985 15 0.4099209245718985 16 0.4099209245718985
observ 10 0.398027668560584
plagiar 10 1.6015162051530991 13 1.7093395119867076 15 1.2297627737156953
excus 10 0.398027668560584
no 10 0.40410949378713873 13 0.40410949378713873
ignor 10 0.398027668560584
fail 10 0.6497092937074046 13 0.4099209245718985 15 0.4099209245718985
pertain 10 0.398027668560584
academ 10 1.150793525251323 13 1.0596302182793031 15 1.0596302182793031
must 10 1.0446078876251628 13 1.0446078876251628
orient 10 0.40410949378713873 13 0.640498393838024
prior 10 0.40410949378713873 17 0.40410949378713873
instruct 10 0.398027668560584
00pm 10 0.398027668560584
march 10 0.398027668560584
mandatori 10 0.398027668560584
31st 10 0.398027668560584
detail 10 0.4099209245718985 13 0.6497092937074046 15 0.6497092937074046
everi 10 0.40410949378713873 15 1.280996787676048
tuesday 10 0.4099209245718985 13 0.4099209245718985 15 1.150793525251323
accommod 10 1.0596302182793031 13 1.0596302182793031 15 0.819841849143797
ani 10 0.9647262576037832 13 1.0740131035314475 15 1.380211241711606 17 0.6585281194236247
u00a0or 10 0.4099209245718985 13 0.4099209245718985 15 0.4099209245718985
check 10 0.819841849143797 13 1.2994185874148092 15 0.6497092937074046
psychiatr 10 0.4099209245718985 13 0.4099209245718985 15 0.4099209245718985
out 10 0.8309699682156456 13 0.9647262576037832 15 1.1664138151761219 16 0.4154849841078228
u00a0onlin 10 0.6497092937074046 13 0.4099209245718985 15 0.4099209245718985
physic 10 0.4259494208043043 11 1.414973347970818 12 0.4259494208043043 13 0.6751138591787182 15 0.4259494208043043 16 0.9890239271665138
disabl 10 0.4099209245718985 13 0.4099209245718985 15 0.4099209245718985
learn 10 0.6585281194236247 11 1.0740131035314475 13 0.6585281194236247 15 1.1664138151761219
person 10 1.0596302182793031 13 1.150793525251323 15 0.6497092937074046
hear 10 0.4099209245718985 13 0.4099209245718985 15 0.4099209245718985
assist 10 0.6585281194236247 13 0.4154849841078228 14 0.6585281194236247 15 0.8309699682156456
visit 10 0.4154849841078228 13 0.4154849841078228 15 0.6585281194236247 17 0.4154849841078228
vision 10 0.4099209245718985 13 0.4099209245718985 15 0.4099209245718985
center 10 1.2297627737156953 13 1.2297627737156953 15 0.9518069114456944
or 10 1.380211241711606 13 1.732541222955072 15 1.6619399364312912 17 0.6585281194236247
counsel 10 1.0596302182793031 13 1.0596302182793031 15 0.819841849143797
impact 10 0.40410949378713873 13 0.40410949378713873
difficulti 10 0.4099209245718985 13 0.6497092937074046 15 0.4099209245718985
problem 10 0.6497092937074046 13 0.4099209245718985 15 1.2297627737156953
graduat 10 0.40410949378713873 13 0.8082189875742775
indecis 10 0.40410949378713873 13 0.40410949378713873
manag 10 0.4099209245718985 13 1.150793525251323 15 0.4099209245718985
servic 10 0.6497092937074046 13 0.6497092937074046 15 0.4099209245718985
career 10 0.40410949378713873 13 0.40410949378713873
advers 10 0.40410949378713873 13 0.640498393838024
email 10 1.2123284813614161 13 1.2123284813614161
far 10 0.4099209245718985 13 0.6497092937074046 15 0.4099209245718985
communic 10 1.2464549523234685 11 1.0740131035314475 13 0.8309699682156456 15 0.4154849841078228
regular 10 0.40410949378713873 13 0.40410949378713873
univers 10 0.42082187474904936 13 0.42082187474904936 14 0.6669868909604184 15 0.42082187474904936 19 0.42082187474904936
likewis 10 0.40410949378713873 13 0.640498393838024
post 10 0.4099209245718985 13 0.9518069114456944 15 1.516887670582972
not 10 1.2994185874148092 13 1.4180934076050602 15 1.9036138228913888
line 10 1.0446078876251628 13 0.40410949378713873
address 10 0.640498393838024 13 0.8082189875742775
anyth 10 0.6497092937074046 13 0.819841849143797 15 0.4099209245718985
most 10 0.640498393838024 13 0.640498393838024
reliabl 10 0.40410949378713873 13 0.40410949378713873
subject 10 1.0596302182793031 13 0.4099209245718985 15 0.6497092937074046
individu 10 0.4099209245718985 13 0.6497092937074046 15 0.4099209245718985
inquiri 10 0.4099209245718985 13 0.4099209245718985 15 0.4099209245718985
me 10 1.0596302182793031 13 0.6497092937074046 15 0.6497092937074046
howev 10 0.6497092937074046 13 0.6497092937074046 15 0.9518069114456944
when 10 1.2297627737156953 13 0.6497092937074046 15 0.4099209245718985
relat 10 0.4099209245718985 13 0.4099209245718985 15 1.150793525251323
onlin 10 0.4099209245718985 13 1.2297627737156953 17 0.4099209245718985
question 10 0.6585281194236247 13 0.8309699682156456 15 1.2464549523234685 16 0.4154849841078228
touch 10 0.40410949378713873 13 0.40410949378713873
respond 10 0.398027668560584
weekday 10 0.398027668560584
general 10 0.6497092937074046 13 0.4099209245718985 15 0.6497092937074046
10am 10 0.398027668560584
hour 10 0.40410949378713873 15 0.640498393838024
6pm 10 0.398027668560584
dure 10 0.4154849841078228 13 0.8309699682156456 15 0.8309699682156456 17 0.4154849841078228
reason 10 0.6497092937074046 13 0.6497092937074046 15 0.819841849143797
technolog 10 0.9383131870350675 13 1.1344787764335307
3000 10 0.398027668560584
better 10 0.4099209245718985 13 0.4099209245718985 15 0.4099209245718985
seem 10 0.398027668560584
u00a0w 10 0.6585281194236247 13 0.6585281194236247 15 0.4154849841078228 16 0.4154849841078228
us 10 0.6497092937074046 13 0.4099209245718985 15 1.150793525251323
agnost 10 0.398027668560584
u00a0b 10 0.398027668560584
solut 10 0.6308589289179948
set 10 0.40410949378713873 13 0.40410949378713873
against 10 0.640498393838024 13 0.40410949378713873
than 10 0.640498393838024 13 0.640498393838024
instanc 10 0.398027668560584
back 10 0.40410949378713873 15 0.40410949378713873
scratch 10 0.398027668560584
hous 10 0.398027668560584
uniti 10 0.40410949378713873 15 0.640498393838024
whatev 10 0.398027668560584
version 10 0.640498393838024 13 0.40410949378713873
u00a0third 10 0.398027668560584
u00a0hav 10 0.398027668560584
form 10 0.40410949378713873 15 0.640498393838024
purpos 10 0.6308589289179948
polish 10 0.40410949378713873 15 0.8082189875742775
avail 10 0.640498393838024 15 0.40410949378713873
can 10 0.8309699682156456 13 1.2464549523234685 15 1.4373418910916174 17 0.8309699682156456
platform 10 0.6585281194236247 13 0.4154849841078228 15 0.8309699682156456 17 0.6585281194236247
full 10 0.40410949378713873 15 0.40410949378713873
agre 10 0.40410949378713873 15 0.40410949378713873
essenti 10 0.398027668560584
creation 10 0.398027668560584
great 10 0.40410949378713873 13 0.40410949378713873
infrastructur 10 0.398027668560584
basic 10 0.398027668560584
recommend 10 0.4099209245718985 13 0.6497092937074046 15 0.6497092937074046
financi 10 0.398027668560584
share 10 0.6585281194236247 13 0.8309699682156456 15 0.8309699682156456 17 0.4154849841078228
middlewar 10 0.398027668560584
establish 10 0.6308589289179948
long 10 0.40410949378713873 17 0.640498393838024
engin 10 0.640498393838024 15 0.8082189875742775
u00a05 10 0.398027668560584
choic 10 0.398027668560584
everyth 10 0.398027668560584
u00a0and 10 0.40410949378713873 15 0.40410949378713873
roll 10 0.398027668560584
u00a0first 10 0.40410949378713873 13 0.40410949378713873
togeth 10 0.4099209245718985 15 0.4099209245718985 17 0.4099209245718985
kind 10 0.40410949378713873 15 0.640498393838024
rather 10 0.40410949378713873 13 0.40410949378713873
ut4 10 0.398027668560584
royalti 10 0.398027668560584
freeli 10 0.398027668560584
unreal 10 0.40410949378713873 15 0.40410949378713873
goal 10 0.398027668560584
second 10 0.40410949378713873 15 1.495382821287819
fit 10 0.40410949378713873 13 0.40410949378713873
various 10 0.40410949378713873 13 0.40410949378713873
u00a0for 10 0.4099209245718985 15 0.4099209245718985 17 0.4099209245718985
allow 10 0.4154849841078228 13 0.4154849841078228 15 0.6585281194236247 17 0.4154849841078228
els 10 0.8082189875742775 13 0.40410949378713873
consequ 10 0.398027668560584
becaus 10 0.40410949378713873 13 0.40410949378713873
varieti 10 0.398027668560584
popular 10 0.398027668560584
comfort 10 0.40410949378713873 15 0.40410949378713873
had 10 0.40410949378713873 15 0.40410949378713873
term 10 0.640498393838024 13 0.40410949378713873
awar 10 0.398027668560584
invent 10 0.398027668560584
paid 10 0.398027668560584
u00a0a 10 0.4154849841078228 13 0.8309699682156456 15 0.6585281194236247 17 0.4154849841078228
pretti 10 0.40410949378713873 15 0.40410949378713873
toolkit 10 0.398027668560584
solv 10 0.40410949378713873 15 0.640498393838024
u00a0focus 10 0.398027668560584
becom 10 0.398027668560584
free 10 0.4154849841078228 13 0.4154849841078228 15 0.6585281194236247 17 0.4154849841078228
after 10 0.40410949378713873 15 0.40410949378713873
revenu 10 0.398027668560584
communiti 10 0.4154849841078228 15 0.4154849841078228 16 0.4154849841078228 17 0.4154849841078228
enter 10 0.4099209245718985 13 0.4099209245718985 15 0.4099209245718985
window 10 0.40410949378713873 13 0.40410949378713873
abl 10 0.4099209245718985 13 0.6497092937074046 15 0.819841849143797
doc 10 0.40410949378713873 13 0.40410949378713873
file 10 0.4099209245718985 13 0.4099209245718985 15 0.4099209245718985
amount 10 0.40410949378713873 13 0.40410949378713873
process 10 0.40410949378713873 13 0.8082189875742775
per 10 0.398027668560584
word 10 0.640498393838024 13 0.8082189875742775
internet 10 0.40410949378713873 13 0.40410949378713873
save 10 0.4099209245718985 13 0.4099209245718985 15 0.4099209245718985
docx 10 0.40410949378713873 13 0.40410949378713873
capabl 10 0.40410949378713873 13 0.40410949378713873
expect 10 0.4099209245718985 13 0.4099209245718985 15 0.4099209245718985
format 10 0.40410949378713873 13 0.8082189875742775
u00a0you 10 0.6497092937074046 13 0.819841849143797 15 0.819841849143797
mac 10 0.40410949378713873 13 0.40410949378713873
pdf 10 0.40410949378713873 13 0.40410949378713873
instructor 10 1.150793525251323 13 0.6497092937074046 15 0.6497092937074046
microsoft 10 0.40410949378713873 13 0.40410949378713873
knowledg 10 0.640498393838024 13 0.40410949378713873
password 10 0.40410949378713873 13 0.40410949378713873
oit 10 0.398027668560584
net 10 0.398027668560584
know 10 0.6497092937074046 13 0.6497092937074046 15 0.819841849143797
contact 10 0.40410949378713873 15 1.1344787764335307
inform 10 0.8416437494980987 13 1.3979400086720377 14 0.42082187474904936 15 0.6669868909604184 17 0.42082187474904936
through 10 0.4099209245718985 12 0.4099209245718985 13 0.819841849143797
cheat 10 1.3424226808222062 13 1.280996787676048
follow 10 0.4099209245718985 13 0.819841849143797 15 0.6497092937074046
heed 10 0.4099209245718985 13 0.4099209245718985 15 0.4099209245718985
regard 10 0.4099209245718985 13 0.4099209245718985 15 0.4099209245718985
dishonesti 10 1.0596302182793031 13 1.0596302182793031 15 1.0596302182793031
cannot 10 1.150793525251323 13 0.9518069114456944 15 1.150793525251323
toler 10 1.0596302182793031 13 1.0596302182793031 15 1.150793525251323
u00a0ther 10 0.398027668560584
code 10 0.40410949378713873 15 1.1344787764335307
enterpris 10 0.398027668560584
threaten 10 0.6308589289179948
goe 10 0.398027668560584
piraci 10 0.398027668560584
u00a0cod 10 0.398027668560584
casual 10 0.398027668560584
here 10 0.6497092937074046 13 1.2994185874148092 15 1.6015162051530991
extern 10 0.40410949378713873 17 0.40410949378713873
imag 10 0.398027668560584
theft 10 0.398027668560584
licens 10 0.8082189875742775 15 0.40410949378713873
daili 10 0.398027668560584
text 10 0.8082189875742775 13 0.640498393838024
anoth 10 0.6308589289179948
u00a0mind 10 0.398027668560584
they 10 0.42082187474904936 13 0.42082187474904936 14 0.42082187474904936 15 1.0878087657094677 17 0.9771181339229884
infinit 10 0.398027668560584
given 10 0.4099209245718985 13 0.4099209245718985 15 0.4099209245718985
audio 10 0.398027668560584
adher 10 0.398027668560584
live 10 0.398027668560584
u00a0plagiar 10 0.398027668560584
treat 10 0.40410949378713873 15 0.40410949378713873
origin 10 0.640498393838024 13 0.40410949378713873
illeg 10 0.398027668560584
practic 10 0.4154849841078228 13 0.8309699682156456 16 0.4154849841078228 17 0.4154849841078228
asset 10 0.40410949378713873 15 0.640498393838024
reproduc 10 0.398027668560584
mani 10 0.4099209245718985 12 0.4099209245718985 15 1.0596302182793031
resort 10 0.398027668560584
peopl 10 0.40410949378713873 15 0.40410949378713873
open 10 0.40410949378713873 15 0.640498393838024
endeavor 10 0.398027668560584
u00a0plenti 10 0.398027668560584
accustom 10 0.398027668560584
creator 10 0.398027668560584
sourc 10 0.6585281194236247 13 0.4154849841078228 15 1.2464549523234685 17 0.6585281194236247
u00a0thi 10 0.398027668560584
copi 10 0.6308589289179948
video 10 0.4099209245718985 12 0.4099209245718985 13 0.6497092937074046
without 10 0.640498393838024 15 0.40410949378713873
viabil 10 0.398027668560584
more 10 0.8309699682156456 13 1.1664138151761219 15 0.9647262576037832 17 0.6585281194236247
under 10 0.4099209245718985 13 0.4099209245718985 15 0.4099209245718985
u201cacadem 10 0.40410949378713873 13 1.0446078876251628
active_page_id 10 0.398027668560584
default2 10 0.398027668560584
asp 10 0.398027668560584
registrar 10 0.40410949378713873 13 0.40410949378713873
websit 10 0.6585281194236247 13 0.4154849841078228 15 1.1664138151761219 17 0.4154849841078228
handbook 10 0.4099209245718985 13 0.4099209245718985 15 0.4099209245718985
found 10 0.6497092937074046 13 0.819841849143797 15 0.4099209245718985
senateweb 10 0.398027668560584
http 10 0.640498393838024 13 0.640498393838024
754 10 0.398027668560584
senat 10 0.398027668560584
campus 10 0.4099209245718985 13 0.4099209245718985 15 0.4099209245718985
www 10 0.640498393838024 13 0.40410949378713873
refer 10 0.4099209245718985 13 1.150793525251323 15 0.4099209245718985
penalti 10 0.4099209245718985 13 0.4099209245718985 15 0.4099209245718985
flagrant 10 0.4099209245718985 13 0.4099209245718985 15 0.4099209245718985
receiv 10 0.4099209245718985 13 0.4099209245718985 15 0.6497092937074046
report 10 0.4099209245718985 13 0.4099209245718985 15 1.675536547038618
case 10 0.6497092937074046 13 0.819841849143797 15 0.6497092937074046
notabl 10 0.4099209245718985 13 0.4099209245718985 15 0.4099209245718985
associ 10 0.4154849841078228 11 1.6982794336382137 13 0.4154849841078228 15 0.4154849841078228
dean 10 0.4099209245718985 13 0.4099209245718985 15 0.4099209245718985
particular 10 0.4154849841078228 13 0.4154849841078228 15 0.4154849841078228 17 0.4154849841078228
sever 10 0.4099209245718985 13 0.6497092937074046 15 0.4099209245718985
minimum 10 0.4099209245718985 13 0.4099209245718985 15 0.4099209245718985
punish 10 0.4099209245718985 13 0.4099209245718985 15 0.4099209245718985
offic 10 0.4099209245718985 13 0.4099209245718985 15 0.6497092937074046
interf 10 0.398027668560584
teacher 10 0.40410949378713873 12 0.40410949378713873
suppli 10 0.640498393838024 17 0.40410949378713873
data 10 0.398027668560584
examin 10 0.6308589289179948
fake 10 0.398027668560584
steal 10 0.398027668560584
answer 10 0.40410949378713873 13 0.40410949378713873
result 10 0.398027668560584
someon 10 0.640498393838024 13 0.40410949378713873
paraphras 10 0.640498393838024 13 0.40410949378713873
proper 10 0.398027668560584
document 10 0.6497092937074046 13 1.2297627737156953 15 0.819841849143797
buy 10 0.398027668560584
quotat 10 0.398027668560584
mark 10 0.40410949378713873 13 0.40410949378713873
turn 10 0.40410949378713873 13 0.40410949378713873
leav 10 0.40410949378713873 13 0.40410949378713873
acknowledg 10 0.398027668560584
mill 10 0.398027668560584
appropri 10 0.4099209245718985 13 0.4099209245718985 17 0.4099209245718985
recal 10 0.40410949378713873 13 0.40410949378713873
heard 10 0.40410949378713873 13 0.40410949378713873
u00a0at 10 0.40410949378713873 13 0.40410949378713873
guard 10 0.4099209245718985 13 0.4099209245718985 15 0.4099209245718985
conscious 10 0.40410949378713873 13 0.40410949378713873
quot 10 0.40410949378713873 13 0.40410949378713873
let 10 0.4099209245718985 13 0.6497092937074046 15 0.819841849143797
summar 10 0.40410949378713873 13 0.40410949378713873
reader 10 0.40410949378713873 13 0.40410949378713873
direct 10 0.40410949378713873 13 0.40410949378713873
either 10 0.40410949378713873 13 0.8082189875742775
gillianhay 10 0.40410949378713873 13 0.40410949378713873
borrow 10 0.40410949378713873 13 0.640498393838024
exampl 10 0.4099209245718985 13 0.4099209245718985 15 0.4099209245718985
written 10 0.40410949378713873 13 0.40410949378713873
hay 10 0.40410949378713873 13 0.40410949378713873
integr 10 0.4099209245718985 13 0.819841849143797 15 0.4099209245718985
gillian 10 0.40410949378713873 13 0.40410949378713873
winter 10 0.4099209245718985 13 1.8005028189587278 15 0.6497092937074046
modif 10 0.40410949378713873 13 0.40410949378713873
been 10 0.4154849841078228 13 0.6585281194236247 14 0.4154849841078228 15 0.4154849841078228
initi 10 0.4099209245718985 13 0.4099209245718985 15 1.0596302182793031
although 10 0.4099209245718985 13 0.4099209245718985 15 0.4099209245718985
com 10 0.40410949378713873 13 0.40410949378713873
inf242w13 10 0.40410949378713873 13 0.40410949378713873
along 10 0.4099209245718985 13 0.4099209245718985 15 0.4099209245718985
disclaim 10 0.40410949378713873 13 0.40410949378713873
modifi 10 0.4099209245718985 13 0.6497092937074046 17 0.6497092937074046
utc 10 0.40410949378713873 13 0.40410949378713873
242 10 0.40410949378713873 13 1.8020986539858788
advis 10 0.40410949378713873 13 0.40410949378713873
u201cgener 10 0.40410949378713873 13 0.40410949378713873
my 10 0.4099209245718985 13 0.4099209245718985 15 0.4099209245718985
slight 10 0.4099209245718985 13 0.4099209245718985 15 0.4099209245718985
2013 10 0.40410949378713873 13 0.40410949378713873
theme 10 0.44022566296653753 11 0.44022566296653753 12 0.44022566296653753 13 1.1379668306236097 14 0.44022566296653753 15 0.44022566296653753 16 0.44022566296653753 17 0.44022566296653753 19 0.44022566296653753
themeegg 10 0.44022566296653753 11 0.44022566296653753 12 0.44022566296653753 13 0.44022566296653753 14 0.44022566296653753 15 0.44022566296653753 16 0.44022566296653753 17 0.44022566296653753 19 0.44022566296653753
tangibl 11 1.675536547038618 13 0.4099209245718985 17 0.6497092937074046
re 11 1.0596302182793031 12 0.4099209245718985 17 0.4099209245718985
space 11 1.0446078876251628 15 0.640498393838024
explor 11 1.0878087657094677 13 0.42082187474904936 14 0.42082187474904936 15 0.6669868909604184 17 0.42082187474904936
entertain 11 1.0288865974785788
intergener 11 1.0288865974785788
instal 11 1.0446078876251628 13 0.40410949378713873
public 11 1.280996787676048 16 0.9383131870350675
schooler 12 1.592110674242336
middl 12 1.626923305030893
event 12 0.640498393838024 15 0.40410949378713873
cds 12 0.6308589289179948
day 12 1.616437975148555 15 0.40410949378713873
evok 12 1.6851062814631865 13 0.40410949378713873
29th 12 1.592110674242336
juli 12 1.592110674242336
afterward 12 0.398027668560584
stem 12 0.398027668560584
continu 12 0.40410949378713873 13 0.640498393838024
reflect 12 0.4099209245718985 13 0.6497092937074046 17 0.4099209245718985
u201chand 12 0.398027668560584
co 12 0.40410949378713873 14 0.40410949378713873
driven 12 0.398027668560584
club 12 0.398027668560584
imagin 12 0.40410949378713873 13 0.40410949378713873
narrat 12 0.4099209245718985 15 0.4099209245718985 16 0.9518069114456944
fabwork 12 0.398027668560584
star 12 0.398027668560584
fabric 12 0.4099209245718985 16 0.9518069114456944 17 0.4099209245718985
assort 12 0.40410949378713873 17 0.640498393838024
staff 12 0.398027668560584
ninja 12 0.398027668560584
introduct 12 0.398027668560584
machin 12 0.398027668560584
station 12 0.398027668560584
afford 12 0.398027668560584
3d 12 0.398027668560584
playdohst 12 0.398027668560584
developmentst 12 0.398027668560584
intro 12 0.398027668560584
tour 12 0.398027668560584
scan 12 0.398027668560584
printingst 12 0.398027668560584
fabworksst 12 0.398027668560584
glovest 12 0.398027668560584
makey 12 0.40410949378713873 17 0.40410949378713873
thank 12 0.398027668560584
tester 12 0.398027668560584
outreach 12 0.398027668560584
beta 12 0.398027668560584
help 12 0.4154849841078228 13 0.4154849841078228 15 1.5818987992839446 17 0.4154849841078228
2017 13 1.746532174609345 14 0.40410949378713873
syllabus 13 1.2123284813614161 15 1.1344787764335307
ubiquit 13 1.4728773936606834
bren 13 0.9383131870350675 14 0.40410949378713873
donald 13 0.9383131870350675 14 0.40410949378713873
joshua 13 1.0288865974785788
00 13 0.398027668560584
20pm 13 0.398027668560584
thursday 13 0.398027668560584
u00a0mstb 13 0.398027668560584
110 13 0.398027668560584
room 13 0.40410949378713873 15 1.0446078876251628
2100 13 0.398027668560584
calit2 13 0.398027668560584
mail 13 0.40410949378713873 15 1.8994923150749579
dot 13 0.398027668560584
overview 13 0.9241916261733354
tradit 13 0.398027668560584
model 13 0.40410949378713873 17 0.40410949378713873
hci 13 0.40410949378713873 16 0.9383131870350675
signific 13 0.398027668560584
suffus 13 0.398027668560584
theoret 13 0.398027668560584
light 13 0.398027668560584
human 13 0.398027668560584
locus 13 0.398027668560584
paradigm 13 0.398027668560584
understand 13 0.40410949378713873 17 0.40410949378713873
emerg 13 0.398027668560584
late 13 0.40410949378713873 15 0.40410949378713873
front 13 0.40410949378713873 15 0.40410949378713873
shed 13 0.398027668560584
1980s 13 0.398027668560584
devic 13 0.40410949378713873 17 0.640498393838024
introduc 13 0.40410949378713873 15 0.640498393838024
sit 13 0.398027668560584
desk 13 0.398027668560584
expans 13 0.398027668560584
spatial 13 0.398027668560584
u201cubiquit 13 0.398027668560584
issu 13 0.8082189875742775 15 0.640498393838024
seri 13 0.398027668560584
pc 13 0.398027668560584
support 13 0.640498393838024 15 0.40410949378713873
next 13 0.398027668560584
relationship 13 0.398027668560584
ethic 13 0.398027668560584
polit 13 0.398027668560584
theori 13 0.6308589289179948
social 13 0.40410949378713873 17 0.40410949378713873
action 13 0.398027668560584
concern 13 0.4099209245718985 15 0.4099209245718985 16 0.4099209245718985
futur 13 1.280996787676048 16 1.0446078876251628
democrat 13 0.398027668560584
reimagin 13 0.398027668560584
surveil 13 0.398027668560584
broader 13 0.398027668560584
perspect 13 0.398027668560584
specul 13 0.40410949378713873 16 0.40410949378713873
u00a0impl 13 0.398027668560584
u00a0whil 13 0.398027668560584
fiction 13 0.819841849143797 15 0.4099209245718985 16 0.9518069114456944
u201cwhat 13 0.398027668560584
consid 13 0.40410949378713873 15 0.640498393838024
featur 13 0.40410949378713873 15 0.640498393838024
run 13 0.398027668560584
valu 13 0.40410949378713873 15 0.40410949378713873
u00a0privaci 13 0.398027668560584
between 13 0.398027668560584
ubicomp 13 0.6308589289179948
consist 13 0.398027668560584
truth 13 0.398027668560584
envis 13 0.398027668560584
toward 13 0.40410949378713873 17 0.40410949378713873
facilit 13 0.40410949378713873 17 0.40410949378713873
primari 13 0.6308589289179948
supplement 13 0.398027668560584
intersect 13 0.398027668560584
survey 13 0.398027668560584
histori 13 0.6308589289179948
classic 13 0.398027668560584
collect 13 1.3424226808222062 15 0.40410949378713873
current 13 0.640498393838024 15 0.640498393838024
led 13 0.398027668560584
60 13 1.0288865974785788
40 13 1.0288865974785788
see 13 0.4099209245718985 15 0.4099209245718985 17 0.4099209245718985
below 13 0.398027668560584
choos 13 1.0446078876251628 15 0.40410949378713873
remain 13 0.6308589289179948
done 13 1.1344787764335307 15 0.640498393838024
least 13 0.640498393838024 15 0.640498393838024
pair 13 0.398027668560584
factor 13 0.398027668560584
lead 13 1.2617178578359896
want 13 0.40410949378713873 15 1.0446078876251628
structur 13 0.40410949378713873 15 0.9383131870350675
around 13 0.640498393838024 15 0.8082189875742775
twice 13 0.398027668560584
item 13 0.40410949378713873 17 0.40410949378713873
extend 13 0.398027668560584
convers 13 0.6308589289179948
u00a0sign 13 0.398027668560584
synthes 13 0.398027668560584
assum 13 0.398027668560584
respons 13 0.796055337121168
u00a0everyon 13 0.398027668560584
grappl 13 0.398027668560584
subset 13 0.6308589289179948
good 13 0.6308589289179948
slide 13 0.40410949378713873 15 1.495382821287819
sort 13 0.398027668560584
resourc 13 0.640498393838024 15 1.8528268751994401
aid 13 0.398027668560584
encourag 13 0.4099209245718985 15 0.4099209245718985 17 0.6497092937074046
strong 13 0.40410949378713873 15 0.40410949378713873
handout 13 0.398027668560584
powerpoint 13 0.398027668560584
multipl 13 0.398027668560584
overal 13 0.40410949378713873 15 0.8082189875742775
messag 13 0.398027668560584
link 13 0.40410949378713873 15 1.3979891601987402
benefit 13 0.398027668560584
same 13 0.40410949378713873 15 0.40410949378713873
u00a0your 13 0.6308589289179948
place 13 0.4099209245718985 15 0.819841849143797 17 0.4099209245718985
field 13 0.6308589289179948
channel 13 0.796055337121168
slack 13 0.6308589289179948
prefer 13 0.640498393838024 15 0.40410949378713873
u00a0th 13 0.398027668560584
u00a0wher 13 0.398027668560584
necessari 13 0.398027668560584
worth 13 0.40410949378713873 15 0.640498393838024
lack 13 0.398027668560584
product 13 0.40410949378713873 15 0.40410949378713873
pre 13 0.40410949378713873 15 0.40410949378713873
desir 13 0.40410949378713873 17 0.40410949378713873
technic 13 0.40410949378713873 15 1.0446078876251628
exist 13 0.398027668560584
lesson 13 0.398027668560584
implement 13 0.640498393838024 15 0.40410949378713873
instead 13 0.40410949378713873 15 0.40410949378713873
teach 13 0.640498393838024 15 1.98292107466023
textbook 13 0.398027668560584
main 13 0.398027668560584
bookstor 13 0.398027668560584
u00a0it 13 0.398027668560584
mess 13 0.9241916261733354
mytholog 13 0.9241916261733354
divin 13 0.9241916261733354
invit 13 0.4099209245718985 15 0.6497092937074046 17 0.4099209245718985
u00a0wil 13 0.40410949378713873 15 0.40410949378713873
googl 13 0.6497092937074046 15 0.6497092937074046 17 0.4099209245718985
drive 13 0.640498393838024 15 1.0446078876251628
join 13 0.40410949378713873 15 0.640498393838024
folder 13 0.40410949378713873 15 1.0446078876251628
protect 13 0.398027668560584
potenti 13 0.398027668560584
u00a0tom 13 0.398027668560584
outset 13 0.398027668560584
articl 13 0.398027668560584
few 13 0.40410949378713873 15 0.640498393838024
loos 13 0.398027668560584
depend 13 0.398027668560584
cultur 13 0.40410949378713873 14 0.40410949378713873
draw 13 0.398027668560584
ahead 13 0.40410949378713873 17 0.40410949378713873
boellstorff 13 0.398027668560584
tri 13 0.40410949378713873 15 0.640498393838024
inspir 13 0.40410949378713873 17 0.640498393838024
bibliograph 13 0.398027668560584
list 13 0.819841849143797 15 1.2297627737156953 17 0.4099209245718985
length 13 0.398027668560584
year 13 0.40410949378713873 15 0.8082189875742775
decid 13 0.6308589289179948
part 13 0.640498393838024 15 0.40410949378713873
popul 13 0.398027668560584
undecid 13 0.398027668560584
limit 13 0.640498393838024 15 0.40410949378713873
inevit 13 0.398027668560584
larg 13 0.40410949378713873 15 0.40410949378713873
assembl 13 0.40410949378713873 15 0.40410949378713873
write 13 0.40410949378713873 15 0.40410949378713873
mixtur 13 0.398027668560584
recent 13 0.398027668560584
canon 13 0.398027668560584
build 13 1.1344787764335307 15 1.5788115808730916
disclos 13 0.40410949378713873 15 0.40410949378713873
fall 13 0.40410949378713873 15 1.6851062814631865
uncomfort 13 0.40410949378713873 15 0.40410949378713873
situat 13 0.40410949378713873 15 0.40410949378713873
too 13 0.40410949378713873 15 0.40410949378713873
surround 13 0.40410949378713873 15 0.40410949378713873
u00a0befor 13 0.40410949378713873 15 0.640498393838024
5130 13 0.40410949378713873 15 0.40410949378713873
adjust 13 0.40410949378713873 15 0.40410949378713873
92697 13 0.40410949378713873 15 0.40410949378713873
arrang 13 0.40410949378713873 15 0.40410949378713873
100 13 0.40410949378713873 15 0.40410949378713873
made 13 0.40410949378713873 15 0.640498393838024
meet 13 0.40410949378713873 15 1.0446078876251628
behind 13 0.40410949378713873 15 0.40410949378713873
ca 13 0.40410949378713873 15 0.40410949378713873
313 13 0.40410949378713873 15 0.40410949378713873
seek 13 0.40410949378713873 15 0.40410949378713873
mental 13 0.40410949378713873 15 0.640498393838024
advanc 13 0.40410949378713873 17 0.40410949378713873
health 13 0.40410949378713873 15 0.640498393838024
caus 13 0.398027668560584
harm 13 0.398027668560584
purs 13 0.398027668560584
trial 13 0.398027668560584
often 13 0.398027668560584
serious 13 0.398027668560584
u00a0slack 13 0.6308589289179948
broadcast 13 0.398027668560584
u00a0if 13 0.398027668560584
wrote 13 0.40410949378713873 17 0.40410949378713873
actual 13 0.40410949378713873 15 0.40410949378713873
comment 13 0.40410949378713873 15 0.40410949378713873
u00a0cannot 13 0.398027668560584
held 13 0.4099209245718985 15 0.4099209245718985 17 0.4099209245718985
whose 13 0.40410949378713873 15 0.40410949378713873
partner 13 0.398027668560584
both 13 0.640498393838024 15 0.40410949378713873
equal 13 0.398027668560584
regardless 13 0.398027668560584
2006 13 0.398027668560584
high 13 0.40410949378713873 15 0.640498393838024
heavili 13 0.6308589289179948
jim 13 0.398027668560584
bizzocchi 13 0.398027668560584
sfu 13 0.398027668560584
period 13 0.40410949378713873 15 0.640498393838024
took 13 0.398027668560584
583269 13 0.398027668560584
u00a0requir 13 0.40410949378713873 15 0.40410949378713873
smooth 13 0.398027668560584
19606 13 0.398027668560584
best 13 0.40410949378713873 15 0.40410949378713873
invest 13 0.6308589289179948
happen 13 0.40410949378713873 15 0.40410949378713873
easi 13 0.4099209245718985 15 0.6497092937074046 17 0.4099209245718985
php 13 0.40410949378713873 18 0.40410949378713873
u00a0would 13 0.398027668560584
dl 13 0.398027668560584
undertak 13 0.398027668560584
workflow 13 0.398027668560584
thousand 13 0.398027668560584
repositori 13 0.40410949378713873 15 1.0446078876251628
databas 13 0.398027668560584
cite 13 0.398027668560584
citat 13 0.398027668560584
reward 13 0.398027668560584
adopt 13 0.398027668560584
habit 13 0.398027668560584
onc 13 0.40410949378713873 15 0.40410949378713873
acm 13 0.398027668560584
intent 13 0.398027668560584
sid 13 0.398027668560584
jstor 13 0.398027668560584
singl 13 0.398027668560584
did 13 0.40410949378713873 15 0.40410949378713873
librari 13 0.398027668560584
isn 13 0.398027668560584
oftentim 13 0.398027668560584
springer 13 0.398027668560584
mention 13 0.398027668560584
pid 13 0.398027668560584
amaz 13 0.40410949378713873 15 0.40410949378713873
burden 13 0.398027668560584
libguid 13 0.398027668560584
alreadi 13 0.40410949378713873 15 0.640498393838024
alon 13 0.398027668560584
overhead 13 0.398027668560584
scraper 13 0.398027668560584
browser 13 0.398027668560584
am 13 0.398027668560584
lib 13 0.398027668560584
stand 13 0.398027668560584
u00a0unless 13 0.398027668560584
u2019t 13 0.398027668560584
zotero 13 1.0288865974785788
plug 13 0.398027668560584
ruberg 14 1.7749771702715547 15 0.40410949378713873
bonni 14 1.7749771702715547 15 0.40410949378713873
bo 14 1.746532174609345 15 0.40410949378713873
california 14 0.40410949378713873 19 0.40410949378713873
founder 14 0.398027668560584
press 14 0.398027668560584
author 14 0.398027668560584
2019 14 0.40410949378713873 15 1.616437975148555
alway 14 0.40410949378713873 15 0.640498393838024
sexual 14 0.398027668560584
minnesota 14 0.398027668560584
editor 14 0.40410949378713873 15 0.40410949378713873
queer 14 0.6308589289179948
gender 14 0.40410949378713873 15 0.40410949378713873
annual 14 0.40410949378713873 15 0.40410949378713873
u201cbo 14 0.398027668560584
york 14 0.398027668560584
u00a0qu 14 0.398027668560584
confer 14 0.40410949378713873 17 0.40410949378713873
u00a0video 14 0.398027668560584
organ 14 0.40410949378713873 17 0.640498393838024
homepag 14 0.9241916261733354
capston 15 1.626923305030893
169 15 1.592110674242336
20 15 1.626923305030893
tess 15 1.0288865974785788
ttanen 15 0.9241916261733354
ta 15 1.0288865974785788
bryan 15 0.9241916261733354
jsbryan 15 0.9241916261733354
jeffrey 15 0.9241916261733354
timewednesday 15 0.9241916261733354
50pm 15 0.9241916261733354
locationanteat 15 0.9241916261733354
1700 15 0.9241916261733354
pavilion 15 0.9241916261733354
catalog 15 0.9241916261733354
scene 15 0.6308589289179948
virtual 15 0.398027668560584
trend 15 0.398027668560584
util 15 0.398027668560584
sound 15 0.6308589289179948
emphasi 15 0.398027668560584
level 15 0.398027668560584
cut 15 0.398027668560584
object 15 1.0446078876251628 17 0.40410949378713873
philosophi 15 0.9241916261733354
u201clearn 15 0.398027668560584
wide 15 0.40410949378713873 17 0.40410949378713873
genr 15 0.398027668560584
region 15 0.398027668560584
u201cfeatur 15 0.398027668560584
attempt 15 0.398027668560584
u00a0complet 15 0.398027668560584
u00a0quart 15 0.398027668560584
nation 15 0.398027668560584
competit 15 0.640498393838024 19 0.40410949378713873
otherwis 15 0.6308589289179948
proud 15 0.398027668560584
publish 15 0.398027668560584
market 15 0.398027668560584
could 15 0.398027668560584
conceiv 15 0.398027668560584
u201cfun 15 0.398027668560584
mean 15 0.398027668560584
mechan 15 0.6308589289179948
local 15 0.6308589289179948
core 15 0.6308589289179948
u201ccont 15 0.398027668560584
portfolio 15 0.398027668560584
further 15 0.398027668560584
outsid 15 1.0446078876251628 17 0.640498393838024
ggjs 15 0.398027668560584
u00a0previ 15 0.398027668560584
largest 15 0.398027668560584
colleagu 15 0.6308589289179948
02 15 0.398027668560584
clear 15 0.398027668560584
bond 15 0.398027668560584
area 15 0.398027668560584
februari 15 0.398027668560584
ordinarili 15 0.398027668560584
u00a0januari 15 0.398027668560584
ggj 15 0.398027668560584
last 15 0.6308589289179948
row 15 0.6308589289179948
iter 15 0.398027668560584
coordin 15 0.398027668560584
ask 15 0.398027668560584
colleg 15 0.6308589289179948
jam 15 0.398027668560584
burner 15 0.398027668560584
u2019ll 15 0.398027668560584
31 15 0.398027668560584
site 15 1.592110674242336
turnout 15 0.398027668560584
sixth 15 0.398027668560584
now 15 0.398027668560584
cobweb 15 0.398027668560584
8th 15 0.398027668560584
2020 15 0.398027668560584
u00a0mentor 15 0.398027668560584
showcas 15 0.398027668560584
demo 15 0.398027668560584
u201ccapston 15 0.398027668560584
across 15 0.398027668560584
u00a0pleas 15 0.398027668560584
guest 15 0.796055337121168
tabl 15 0.398027668560584
u00a0to 15 0.398027668560584
ivecg 15 0.398027668560584
minut 15 0.398027668560584
u00a0set 15 0.398027668560584
famili 15 0.398027668560584
friend 15 0.398027668560584
counti 15 0.398027668560584
quit 15 0.398027668560584
submiss 15 0.6308589289179948
usual 15 0.796055337121168
orang 15 0.398027668560584
gamesig 15 0.398027668560584
logist 15 0.9241916261733354
tcours 15 1.2617178578359896
consult 15 0.398027668560584
mentor 15 0.9241916261733354
occasion 15 0.398027668560584
tmentor 15 0.9241916261733354
folk 15 0.398027668560584
wisdom 15 0.398027668560584
lot 15 0.796055337121168
commit 15 0.398027668560584
u201cfloat 15 0.398027668560584
offici 15 0.640498393838024 17 0.40410949378713873
nthe 15 0.398027668560584
titch 15 0.9241916261733354
io 15 1.748263863366663
itch 15 1.626923305030893
tgoogl 15 0.9241916261733354
exclud 15 0.398027668560584
generat 15 0.398027668560584
keep 15 1.117404934448668
github 15 1.117404934448668
store 15 0.6308589289179948
tgithub 15 0.9241916261733354
privat 15 0.398027668560584
track 15 0.6308589289179948
setup 15 0.398027668560584
169a 15 0.398027668560584
169b 15 0.398027668560584
unoffici 15 0.398027668560584
u201ctent 15 0.398027668560584
feedback 15 0.398027668560584
true 15 0.398027668560584
begin 15 1.1344787764335307 17 0.40410949378713873
card 15 0.6308589289179948
method 15 0.4099209245718985 16 0.4099209245718985 17 0.4099209245718985
solicit 15 0.398027668560584
name 15 0.6308589289179948
index 15 0.398027668560584
absenc 15 0.398027668560584
while 15 0.796055337121168
miss 15 0.398027668560584
11 15 1.117404934448668
brief 15 0.398027668560584
59 15 0.398027668560584
previous 15 0.398027668560584
statement 15 0.398027668560584
add 15 0.796055337121168
pm 15 0.398027668560584
status 15 1.592110674242336
captur 15 0.398027668560584
45 15 0.398027668560584
weight 15 0.398027668560584
tentat 15 0.398027668560584
circumst 15 0.398027668560584
tweek 15 2.2798708242302705
octob 15 1.592110674242336
friday 15 1.0288865974785788
night 15 1.748263863366663
info 15 1.376949501710971
16 15 0.398027668560584
brainstorm 15 1.0288865974785788
hereaft 15 1.0288865974785788
15 15 1.0288865974785788
23 15 0.398027668560584
state 15 0.398027668560584
novemb 15 0.9241916261733354
blocker 15 1.0288865974785788
13 15 0.398027668560584
27 15 0.398027668560584
decemb 15 0.6308589289179948
tfinal 15 0.9241916261733354
11th 15 0.398027668560584
disagr 15 0.398027668560584
maintain 15 0.6308589289179948
such 15 0.8082189875742775 17 0.40410949378713873
inclus 15 0.398027668560584
curios 15 0.398027668560584
attack 15 0.398027668560584
mistreat 15 0.398027668560584
spirit 15 0.398027668560584
believ 15 0.40410949378713873 17 0.640498393838024
generos 15 0.398027668560584
denigr 15 0.398027668560584
passion 15 0.398027668560584
respect 15 0.398027668560584
care 15 0.398027668560584
disagre 15 0.398027668560584
behavior 15 0.40410949378713873 17 0.40410949378713873
firm 15 0.398027668560584
insult 15 0.398027668560584
still 15 0.398027668560584
zero 15 0.398027668560584
happili 15 0.398027668560584
welcom 15 0.398027668560584
would 15 0.40410949378713873 17 0.40410949378713873
roster 15 0.398027668560584
request 15 0.398027668560584
yourself 15 0.398027668560584
chat 15 0.398027668560584
she 15 0.398027668560584
pronoun 15 0.398027668560584
her 15 0.6308589289179948
resid 15 0.398027668560584
u00a0http 15 0.398027668560584
excel 15 1.0288865974785788
moder 15 0.398027668560584
pitfal 15 0.398027668560584
extrem 15 0.398027668560584
disciplin 15 0.398027668560584
plenti 15 0.398027668560584
focus 15 0.4099209245718985 17 0.4099209245718985 19 0.4099209245718985
violat 15 0.398027668560584
parti 15 0.398027668560584
sprite 15 0.398027668560584
copyright 15 0.6308589289179948
3rd 15 0.398027668560584
record 15 0.398027668560584
confid 15 0.398027668560584
infring 15 0.398027668560584
u00a0howev 15 0.398027668560584
pack 15 0.398027668560584
control 15 0.40410949378713873 17 1.7749771702715547
troubl 15 0.398027668560584
legitim 15 0.398027668560584
emot 15 0.796055337121168
experienc 15 0.398027668560584
transit 15 0.398027668560584
chang 15 0.398027668560584
anxieti 15 0.398027668560584
distress 15 0.6308589289179948
difficult 15 0.398027668560584
interfer 15 0.398027668560584
depress 15 0.398027668560584
stress 15 0.398027668560584
grant 15 0.398027668560584
therefor 15 0.398027668560584
sympath 15 0.398027668560584
deadlin 15 0.6308589289179948
relev 15 0.640498393838024 17 0.40410949378713873
privaci 15 0.398027668560584
unless 15 0.398027668560584
face 15 0.398027668560584
crisi 15 0.398027668560584
sought 15 0.398027668560584
drop 15 0.398027668560584
immedi 15 0.398027668560584
consider 15 0.398027668560584
sometim 15 0.398027668560584
affect 15 0.398027668560584
ongo 15 0.398027668560584
withdraw 15 0.398027668560584
suffer 15 0.398027668560584
adapt 15 0.398027668560584
ics60 15 0.398027668560584
wish 15 0.398027668560584
slot 15 1.0288865974785788
appoint 15 0.398027668560584
book 15 1.117404934448668
tip 15 0.9241916261733354
trick 15 0.9241916261733354
whole 15 0.398027668560584
outnumb 15 0.398027668560584
realiti 15 0.40410949378713873 16 0.9383131870350675
train 15 0.398027668560584
task 15 0.398027668560584
forward 15 0.398027668560584
perhap 15 0.6308589289179948
yes 15 0.398027668560584
advantag 15 0.398027668560584
altern 15 0.398027668560584
familiar 15 0.398027668560584
perform 15 0.40410949378713873 17 0.640498393838024
complex 15 0.6308589289179948
edg 15 0.398027668560584
debat 15 0.398027668560584
biggest 15 0.398027668560584
quick 15 0.40410949378713873 17 0.40410949378713873
probabl 15 0.398027668560584
non 15 0.398027668560584
graphic 15 0.398027668560584
blueprint 15 0.398027668560584
competitor 15 0.398027668560584
cryengin 15 0.398027668560584
yet 15 0.398027668560584
prime 15 0.398027668560584
amazon 15 0.398027668560584
lumberyard 15 0.398027668560584
twitch 15 0.398027668560584
top 15 0.398027668560584
readi 15 0.398027668560584
newcom 15 0.398027668560584
built 15 0.398027668560584
certain 15 0.398027668560584
profound 15 0.398027668560584
sibl 15 0.398027668560584
heavyweight 15 0.398027668560584
less 15 0.398027668560584
stori 15 0.398027668560584
curv 15 0.398027668560584
u00a0ar 15 0.398027668560584
interest 15 0.40410949378713873 17 0.40410949378713873
hypertext 15 0.398027668560584
centric 15 0.398027668560584
steep 15 0.398027668560584
babi 15 0.398027668560584
dream 15 0.398027668560584
ideal 15 0.398027668560584
twine 15 0.398027668560584
fulli 15 0.398027668560584
soon 15 0.398027668560584
tini 15 0.398027668560584
throughout 15 0.398027668560584
ad 15 0.398027668560584
just 15 0.398027668560584
tutori 15 0.398027668560584
slice 15 0.398027668560584
ground 16 0.398027668560584
ident 16 0.40410949378713873 17 0.40410949378713873
interdisciplinari 16 0.398027668560584
justic 16 0.398027668560584
page 16 0.398027668560584
combin 16 0.398027668560584
broad 16 0.398027668560584
u00c2 16 0.398027668560584
ethnograph 16 0.398027668560584
thread 16 0.398027668560584
augment 16 1.2617178578359896
subcultur 16 0.9241916261733354
wearabl 17 1.7749771702715547
tei 17 1.626923305030893
johnston 17 0.398027668560584
mask 17 0.6308589289179948
theatric 17 0.398027668560584
u00a0school 17 0.398027668560584
describ 17 0.398027668560584
father 17 0.398027668560584
u00a0particip 17 0.398027668560584
keith 17 0.398027668560584
makeup 17 0.398027668560584
improvis 17 0.398027668560584
theorist 17 0.398027668560584
frequent 17 0.398027668560584
enabl 17 0.398027668560584
act 17 0.398027668560584
power 17 0.6308589289179948
fashion 17 0.796055337121168
elicit 17 0.398027668560584
element 17 0.398027668560584
theater 17 0.398027668560584
u00a0studio 17 0.398027668560584
danc 17 0.398027668560584
stimuli 17 0.398027668560584
stanslavski 17 0.398027668560584
practition 17 0.398027668560584
choreographi 17 0.398027668560584
inhabit 17 0.398027668560584
right 17 0.398027668560584
everyday 17 0.398027668560584
modul 17 0.398027668560584
bound 17 0.398027668560584
select 17 0.6308589289179948
von 17 0.398027668560584
glass 17 0.398027668560584
u00a0put 17 0.6308589289179948
cloth 17 0.6308589289179948
context 17 0.398027668560584
dian 17 0.398027668560584
life 17 0.398027668560584
u2018mag 17 0.398027668560584
sphere 17 0.398027668560584
anticip 17 0.398027668560584
gameplay 17 0.398027668560584
furstenberg 17 0.398027668560584
aficionado 17 0.398027668560584
runway 17 0.398027668560584
circl 17 0.398027668560584
upon 17 0.398027668560584
realm 17 0.398027668560584
expand 17 0.398027668560584
aim 17 0.398027668560584
inher 17 0.398027668560584
embodi 17 0.398027668560584
express 17 0.796055337121168
u201ccostum 17 0.398027668560584
flex 17 0.398027668560584
arduino 17 0.398027668560584
sensor 17 0.398027668560584
rapid 17 0.398027668560584
acceleromet 17 0.398027668560584
compris 17 0.398027668560584
u00a0organ 17 0.398027668560584
u00a0assembl 17 0.398027668560584
clip 17 0.398027668560584
off 17 0.398027668560584
simpl 17 0.398027668560584
shelf 17 0.398027668560584
u00a0veri 17 0.398027668560584
kit 17 0.398027668560584
esoter 17 0.398027668560584
hack 17 0.398027668560584
conduct 17 0.398027668560584
allig 17 0.398027668560584
u00a0interfac 17 0.398027668560584
pool 17 0.398027668560584
accessori 17 0.398027668560584
bring 17 0.398027668560584
themselv 17 0.398027668560584
curat 17 0.398027668560584
type 17 0.398027668560584
suggest 17 0.398027668560584
lend 17 0.398027668560584
rsd 18 0.398027668560584
thttps 18 0.398027668560584
org 18 0.398027668560584
twordpress 18 0.398027668560584
ascii 18 0.398027668560584
encod 18 0.398027668560584
wordpress 18 0.398027668560584
xmlrpc 18 0.398027668560584
knutson 19 1.748263863366663
matt 19 1.8483832523466708
candid 19 0.6308589289179948
perfect 19 0.398027668560584
frame 19 0.398027668560584
esport 19 0.398027668560584
titl 19 0.398027668560584
tempor 19 0.6308589289179948
optim 19 0.398027668560584
doctor 19 0.398027668560584
dissert 19 0.398027668560584
academia 19 0.9241916261733354
