tpl 30 1.9545869074001623 32 0.7744867381574481
ic 30 0.5114409330385058 31 0.5114409330385058 32 0.5114409330385058 33 0.5114409330385058 34 0.5114409330385058 35 0.5114409330385058 36 0.5114409330385058 37 0.5114409330385058 38 0.5114409330385058 39 0.5114409330385058
meet 30 1.978914208306381 34 0.4947285520765953 35 0.4947285520765953 36 0.4947285520765953
content 30 0.5114409330385058 31 0.5114409330385058 32 0.5114409330385058 33 0.5114409330385058 34 0.5114409330385058 35 0.5114409330385058 36 0.5114409330385058 37 0.5114409330385058 38 0.5114409330385058 39 0.5114409330385058
edu 30 0.5114409330385058 31 0.5114409330385058 32 0.5114409330385058 33 0.5114409330385058 34 0.5114409330385058 35 0.5114409330385058 36 0.5114409330385058 37 0.5114409330385058 38 1.3220556332383775 39 0.5114409330385058
schedul 30 1.9419852695811233
transformativeplay 30 0.5114409330385058 31 0.5114409330385058 32 0.5114409330385058 33 0.5114409330385058 34 0.5114409330385058 35 0.5114409330385058 36 0.5114409330385058 37 0.5114409330385058 38 0.5114409330385058 39 0.5114409330385058
https 30 0.5114409330385058 31 0.5114409330385058 32 0.5114409330385058 33 0.5114409330385058 34 0.5114409330385058 35 0.5114409330385058 36 0.5114409330385058 37 2.2807358678572736 38 0.5114409330385058 39 0.5114409330385058
url 30 0.5114409330385058 31 0.5114409330385058 32 0.5114409330385058 33 0.5114409330385058 34 0.5114409330385058 35 0.5114409330385058 36 0.5114409330385058 37 0.5114409330385058 38 0.5114409330385058 39 0.5114409330385058
uci 30 0.5114409330385058 31 0.5114409330385058 32 0.5114409330385058 33 0.8106147001998716 34 1.3220556332383775 35 2.045763732154023 36 1.5343227991155175 37 0.5114409330385058 38 1.4357962207073829 39 0.5114409330385058
play 30 1.9981437714973846 31 1.9981437714973846 32 1.9981437714973846 33 1.9981437714973846 34 1.9981437714973846 35 2.045763732154023 36 1.9981437714973846 37 1.9981437714973846 38 2.045763732154023 39 1.9981437714973846
transform 30 1.9981437714973846 31 1.9981437714973846 32 1.9981437714973846 33 1.9981437714973846 34 1.9981437714973846 35 1.9981437714973846 36 1.9981437714973846 37 1.9981437714973846 38 2.045763732154023 39 1.9981437714973846
lab 30 1.9981437714973846 31 1.9981437714973846 32 1.9981437714973846 33 1.9981437714973846 34 1.9981437714973846 35 1.9981437714973846 36 1.9981437714973846 37 1.9981437714973846 38 2.090495809289296 39 1.9981437714973846
the 30 1.9981437714973846 31 1.9981437714973846 32 1.9981437714973846 33 2.045763732154023 34 2.132670333438249 35 3.214611975337203 36 3.145232404750338 37 2.4318441005996148 38 2.172564010955527 39 2.090495809289296
of 30 0.5114409330385058 31 1.187529071297513 32 1.4357962207073829 33 1.3220556332383775 34 1.4357962207073829 35 2.172564010955527 36 1.7692949348187679 37 1.4357962207073829 38 1.6212294003997432 39 1.4357962207073829
depart 30 0.5114409330385058 31 0.8106147001998716 32 0.5114409330385058 33 1.0228818660770116 34 0.8106147001998716 35 0.5114409330385058 36 0.5114409330385058 37 0.5114409330385058 38 0.8106147001998716 39 0.8106147001998716
informat 30 0.5114409330385058 31 0.8106147001998716 32 1.187529071297513 33 1.0228818660770116 34 0.5114409330385058 35 0.5114409330385058 36 0.5114409330385058 37 0.5114409330385058 38 0.8106147001998716 39 0.5114409330385058
irvin 30 0.5114409330385058 31 0.8106147001998716 32 0.5114409330385058 33 1.0228818660770116 34 0.8106147001998716 35 1.8334965662768834 36 1.0228818660770116 37 0.5114409330385058 38 0.8106147001998716 39 0.8106147001998716
uc 30 0.5114409330385058 31 0.5114409330385058 32 0.5114409330385058 33 0.5114409330385058 34 0.5114409330385058 35 1.8334965662768834 36 1.0228818660770116 37 0.5114409330385058 38 0.5114409330385058 39 0.5114409330385058
at 30 0.5114409330385058 31 0.5114409330385058 32 0.5114409330385058 33 0.8106147001998716 34 1.8334965662768834 35 2.4845703328313746 36 1.5343227991155175 37 0.5114409330385058 38 1.6989700043360187 39 0.5114409330385058
by 30 0.5114409330385058 31 0.5114409330385058 32 0.5114409330385058 33 0.5114409330385058 34 0.5114409330385058 35 0.8106147001998716 36 0.8106147001998716 37 0.5114409330385058 38 1.0228818660770116 39 0.8106147001998716
theme 30 0.5114409330385058 31 0.5114409330385058 32 0.5114409330385058 33 0.5114409330385058 34 0.5114409330385058 35 0.8106147001998716 36 0.8106147001998716 37 0.5114409330385058 38 0.5114409330385058 39 0.5114409330385058
themeegg 30 0.5114409330385058 31 0.5114409330385058 32 0.5114409330385058 33 0.5114409330385058 34 0.5114409330385058 35 0.5114409330385058 36 0.5114409330385058 37 0.5114409330385058 38 0.5114409330385058 39 0.5114409330385058
aubrey 31 2.146291531927247 32 1.13460256354786
slaughter 31 2.111896017247941 32 1.13460256354786
richard 31 1.5489734763148961 32 1.13460256354786
candid 31 0.48864672685004057 32 0.48864672685004057
phd 31 0.4947285520765953 32 1.7114795956964226 33 0.7841262030774773 38 0.7841262030774773
and 31 0.5087997186422615 32 0.5087997186422615 33 0.8064284744254594 34 0.8064284744254594 35 2.2689575528670614 36 1.7601578342248 37 0.8064284744254594 38 1.6901960800285136 39 0.8064284744254594
school 31 0.49766655585343117 33 0.49766655585343117 34 0.7887828288907393 38 0.49766655585343117 39 0.49766655585343117
inform 31 0.4947285520765953 33 0.4947285520765953 35 1.1487241244095923 38 0.4947285520765953
scienc 31 0.49172300210037295 33 0.7793625190711214 38 0.49172300210037295
comput 31 0.4947285520765953 33 0.7841262030774773 36 0.4947285520765953 38 1.6434526764861874
bren 31 0.500539982861355 32 0.500539982861355 33 0.500539982861355 35 0.500539982861355 36 1.293877085808213 38 0.500539982861355
donald 31 0.500539982861355 32 0.500539982861355 33 0.500539982861355 35 0.500539982861355 36 1.293877085808213 38 0.500539982861355
univers 31 0.49766655585343117 33 0.7887828288907393 34 0.7887828288907393 38 1.1555459579219127 39 0.49766655585343117
california 31 0.500539982861355 33 0.7933371029468579 34 0.7933371029468579 35 0.500539982861355 38 0.7933371029468579 39 0.7933371029468579
studi 31 0.49172300210037295 33 0.49172300210037295 38 1.3804409902354235
you 31 0.49766655585343117 34 0.49766655585343117 35 1.5775656577814785 36 1.4929996675602935 37 0.7887828288907393
u00c2 31 0.4854963173952808
to 31 0.5033516109241413 33 0.5033516109241413 34 0.5033516109241413 35 2.714231661370003 36 2.4937026936676707 37 0.7977934279923494 38 1.0067032218482825
relat 31 0.4854963173952808
magic 31 0.48864672685004057 37 0.9772934537000811
how 31 0.500539982861355 33 0.500539982861355 35 1.293877085808213 36 1.162217848820219 37 0.500539982861355 38 0.500539982861355
technolog 31 0.4947285520765953 33 0.4947285520765953 38 0.9894571041531905 39 0.4947285520765953
u00a0 31 0.500539982861355 34 0.500539982861355 35 2.126257564775331 36 0.500539982861355 38 0.500539982861355 39 0.7933371029468579
infrastructur 31 0.4854963173952808
peopl 32 1.773583307230668 35 1.5682524061549545 36 0.9894571041531905 38 0.4947285520765953
co 32 1.3804409902354235 37 0.7793625190711214 38 0.49172300210037295
founder 32 1.3629604762804823
tess 32 1.1272875393244548
tanenbaum 32 1.5489734763148961 38 2.26920512709572
professor 32 1.1417454534792135 34 0.49172300210037295 39 0.49172300210037295
assist 32 1.13460256354786 38 0.48864672685004057
karen 32 1.13460256354786 38 2.2968544830255717
project 32 0.49172300210037295 37 0.7793625190711214 38 0.7793625190711214
scientist 32 0.48864672685004057 38 0.7744867381574481
student 32 2.0629809582315497 33 0.7841262030774773 35 0.4947285520765953 36 0.4947285520765953
current 32 1.1417454534792135 33 0.49172300210037295 36 0.49172300210037295
dan 32 1.1272875393244548
gardner 32 1.1272875393244548
jing 32 1.1272875393244548
ke 32 1.1272875393244548
jeffrey 32 1.1272875393244548
bryan 32 1.1272875393244548
gupta 32 1.13460256354786 33 2.111896017247941
saumya 32 1.13460256354786 33 2.146291531927247
hartoonian 32 1.1272875393244548
naze 32 1.1272875393244548
mikael 32 1.1272875393244548
sebag 32 1.1272875393244548
faculti 32 1.1272875393244548
affili 32 1.1272875393244548
bowker 32 1.1272875393244548
geoffrey 32 1.1272875393244548
chancellor 32 0.4854963173952808
chairuci 32 0.4854963173952808
dept 32 1.2549897747050174
jackson 32 1.13460256354786 39 2.146291531927247
jess 32 1.13460256354786 39 2.146291531927247
collin 32 1.13460256354786 39 2.111896017247941
associ 32 0.48864672685004057 39 0.48864672685004057
art 32 0.5033516109241413 33 0.5033516109241413 34 0.7977934279923494 35 0.5033516109241413 36 0.5033516109241413 38 1.0067032218482825 39 1.0067032218482825
professoruci 32 0.7694934573097365
bo 32 1.1272875393244548
ruberg 32 1.1272875393244548
bonni 32 1.1272875393244548
cowl 32 1.1272875393244548
michael 32 1.1272875393244548
australia 32 0.4854963173952808
senior 32 0.48864672685004057 38 0.48864672685004057
educ 32 0.48864672685004057 38 0.48864672685004057
technologycqunivers 32 0.4854963173952808
lectur 32 0.4854963173952808
in 32 0.5061040423972794 33 0.5061040423972794 34 0.8021559286630779 35 2.3502743899566156 36 2.1873452797728667 37 1.6043118573261559 38 1.1751371949783078 39 0.5061040423972794
olivieri 32 1.13460256354786 34 2.146291531927247
vincent 32 1.13460256354786 34 2.3977360285553484
drama 32 0.48864672685004057 34 0.7744867381574481
designuci 32 0.4854963173952808
sound 32 0.48864672685004057 34 0.9772934537000811
trammel 32 1.1272875393244548
aaron 32 1.1272875393244548
nuci 32 0.4854963173952808
other 32 1.1417454534792135 35 1.1417454534792135 36 0.9834460042007459
advis 32 1.1272875393244548
kevin 32 1.1272875393244548
storer 32 1.1272875393244548
yihui 32 1.1272875393244548
liu 32 1.538986914619473
jovia 32 1.1272875393244548
armstrong 32 1.1272875393244548
previous 32 1.1272875393244548
marcel 32 1.1272875393244548
pufal 32 1.1272875393244548
john 32 1.13460256354786 37 0.48864672685004057
seberg 32 1.1272875393244548
norton 32 1.1272875393244548
juliet 32 1.1272875393244548
knutson 32 1.1272875393244548
matthew 32 1.1272875393244548
devii 32 1.1272875393244548
meena 32 1.1272875393244548
muralikumar 32 1.1272875393244548
leal 32 1.1272875393244548
anamari 32 1.1272875393244548
calvin 32 1.1272875393244548
charu 32 1.1272875393244548
chaudhari 32 1.1272875393244548
thoma 32 1.1272875393244548
debeauvai 32 1.1272875393244548
crenshaw 32 1.1272875393244548
nikki 32 1.1272875393244548
heather 32 1.1272875393244548
cate 32 1.1272875393244548
tsassan 32 1.1272875393244548
mengyao 32 1.1272875393244548
zhao 32 1.1272875393244548
jaim 32 1.1272875393244548
brown 32 1.1272875393244548
nygaard 32 1.1272875393244548
natali 32 1.1272875393244548
kenneth 32 1.1272875393244548
lennon 32 1.1272875393244548
vikhliantseva 32 1.1272875393244548
valeria 32 1.1272875393244548
that 33 0.49766655585343117 35 1.4929996675602935 36 1.4929996675602935 37 0.49766655585343117 38 0.49766655585343117
for 33 0.49766655585343117 34 0.49766655585343117 35 2.0752322136349095 36 1.8415850896705188 38 0.9953331117068623
interact 33 0.7744867381574481 38 1.13460256354786
screen 33 0.4854963173952808
limit 33 0.48864672685004057 36 0.48864672685004057
maker 33 0.49172300210037295 35 0.49172300210037295 38 0.49172300210037295
wearabl 33 0.4854963173952808
make 33 0.49766655585343117 35 1.3971266551185855 36 1.3971266551185855 37 0.49766655585343117 39 0.49766655585343117
research 33 0.7744867381574481 38 0.48864672685004057
on 33 0.500539982861355 34 0.500539982861355 35 0.7933371029468579 36 1.5866742058937158 38 0.7933371029468579 39 0.500539982861355
from 33 0.49766655585343117 34 0.49766655585343117 35 1.2864493847441705 36 1.1555459579219127 38 0.49766655585343117
us 33 0.4854963173952808
few 33 0.4854963173952808
is 33 0.500539982861355 35 2.00215993144542 36 2.00215993144542 37 1.00107996572271 38 1.00107996572271 39 0.500539982861355
physic 33 0.4854963173952808
than 33 0.4854963173952808
base 33 0.48864672685004057 39 0.48864672685004057
storytel 33 0.48864672685004057 38 0.48864672685004057
she 33 0.48864672685004057 38 1.13460256354786
bachelor 33 0.4854963173952808
intern 33 0.48864672685004057 37 0.48864672685004057
earn 33 0.4854963173952808
environ 33 0.7887828288907393 35 0.49766655585343117 36 0.7887828288907393 38 0.49766655585343117 39 0.49766655585343117
emc 33 0.4854963173952808
through 33 0.4947285520765953 35 1.2788547551540725 38 0.4947285520765953 39 0.4947285520765953
her 33 0.48864672685004057 38 0.9772934537000811
good 33 0.49172300210037295 35 0.7793625190711214 36 0.7793625190711214
as 33 0.49766655585343117 35 0.9953331117068623 36 0.7887828288907393 38 0.7887828288907393 39 0.49766655585343117
digit 33 0.48864672685004057 39 0.48864672685004057
year 33 0.4947285520765953 35 0.4947285520765953 36 0.7841262030774773 38 0.4947285520765953
master 33 0.4854963173952808
anyth 33 0.49172300210037295 35 1.2710855211714944 36 1.2710855211714944
can 33 0.49766655585343117 34 0.49766655585343117 35 1.7216434188576846 36 1.6532125137753437 37 0.7887828288907393
embed 33 0.48864672685004057 38 0.48864672685004057
work 33 0.7933371029468579 34 1.293877085808213 35 1.794417068669568 36 1.794417068669568 37 0.500539982861355 38 1.00107996572271
interfac 33 0.4854963173952808
ambient 33 0.4854963173952808
stori 33 0.4854963173952808
read 33 0.4854963173952808
yoga 33 0.4854963173952808
ux 33 0.4854963173952808
uxer 33 0.4854963173952808
like 33 0.4947285520765953 35 0.4947285520765953 36 0.4947285520765953 38 0.4947285520765953
or 33 0.4947285520765953 35 1.2788547551540725 36 0.9894571041531905 38 0.4947285520765953
develop 33 0.49172300210037295 35 1.1417454534792135 36 0.7793625190711214
bit 33 0.4854963173952808
be 33 0.7841262030774773 35 1.8836071878312566 36 1.3888786357546614 37 1.8836071878312566
around 33 0.49172300210037295 34 0.49172300210037295 37 0.49172300210037295
prior 33 0.4854963173952808
virtual 33 0.49172300210037295 36 0.49172300210037295 39 0.49172300210037295
u2019 33 0.4947285520765953 34 0.4947285520765953 37 0.7841262030774773 38 0.9894571041531905
tell 33 0.4854963173952808
rather 33 0.4854963173952808
design 33 0.49766655585343117 34 1.2864493847441705 35 1.1555459579219127 36 0.9953331117068623 39 0.49766655585343117
complet 33 0.4854963173952808
pilani 33 0.4854963173952808
degre 33 0.4854963173952808
softwar 33 0.49172300210037295 35 0.49172300210037295 36 0.49172300210037295
dell 33 0.4854963173952808
watch 33 0.48864672685004057 37 2.146291531927247
swim 33 0.4854963173952808
practic 33 0.48864672685004057 39 0.48864672685004057
with 33 0.500539982861355 34 0.7933371029468579 35 1.794417068669568 36 1.662757831681574 37 0.500539982861355 38 0.500539982861355
tangibl 33 0.48864672685004057 38 0.7744867381574481
esri 33 0.4854963173952808
realiti 33 0.4854963173952808
free 33 0.48864672685004057 35 0.48864672685004057
goa 33 0.4854963173952808
time 33 0.4947285520765953 35 0.7841262030774773 36 0.7841262030774773 38 0.4947285520765953
portfolio 33 1.1272875393244548
trevor 34 0.48864672685004057 39 0.48864672685004057
clair 34 0.48864672685004057 39 0.48864672685004057
radio 34 0.4854963173952808
finalist 34 0.4854963173952808
gatherum 34 0.4854963173952808
citi 34 0.4854963173952808
edg 34 0.4854963173952808
bother 34 0.4854963173952808
music 34 0.7793625190711214 35 0.49172300210037295 36 0.49172300210037295
theatr 34 0.4854963173952808
water 34 0.4854963173952808
theatric 34 0.4854963173952808
compos 34 0.4854963173952808
product 34 0.4947285520765953 35 0.4947285520765953 36 0.4947285520765953 39 0.4947285520765953
high 34 0.4854963173952808
broadway 34 0.4854963173952808
black 34 0.4854963173952808
gorilla 34 0.4854963173952808
word 34 0.4854963173952808
size 34 0.4854963173952808
fatal 34 0.4854963173952808
august 34 0.4854963173952808
59e59 34 0.4854963173952808
score 34 0.4854963173952808
golf 34 0.4854963173952808
pulitz 34 0.4854963173952808
contribut 34 0.49172300210037295 35 0.7793625190711214 36 0.49172300210037295
street 34 0.4854963173952808
new 34 0.49172300210037295 35 0.7793625190711214 36 0.7793625190711214
brother 34 0.4854963173952808
wilson 34 0.4854963173952808
commerc 34 0.4854963173952808
attract 34 0.4854963173952808
countri 34 0.4854963173952808
york 34 0.4854963173952808
greek 34 0.4854963173952808
jacket 34 0.4854963173952808
includ 34 0.49172300210037295 35 0.7793625190711214 36 0.7793625190711214
credit 34 0.4854963173952808
his 34 0.9772934537000811 39 0.48864672685004057
god 34 0.4854963173952808
prize 34 0.4854963173952808
tragedi 34 0.4854963173952808
stage 34 0.4854963173952808
omnium 34 0.4854963173952808
off 34 0.4854963173952808
second 34 0.4854963173952808
has 34 0.4947285520765953 35 0.7841262030774773 36 0.4947285520765953 38 0.4947285520765953
public 34 0.4854963173952808
addit 34 0.4854963173952808
avail 34 0.4854963173952808
bio 34 0.4854963173952808
full 34 0.4854963173952808
here 34 0.48864672685004057 35 1.8604515206198393
perform 34 0.48864672685004057 37 1.13460256354786
hold 34 0.4854963173952808
he 34 0.4854963173952808
richmond 34 0.4854963173952808
yale 34 0.4854963173952808
live 34 0.48864672685004057 37 0.48864672685004057
minor 34 0.48864672685004057 36 0.48864672685004057
an 34 0.4947285520765953 35 1.2788547551540725 36 1.1487241244095923 38 0.4947285520765953
southern 34 0.48864672685004057 39 0.48864672685004057
ba 34 0.48864672685004057 38 0.48864672685004057
plant 34 0.4854963173952808
wife 34 0.4854963173952808
their 34 0.49766655585343117 35 0.9953331117068623 36 0.9953331117068623 37 0.7887828288907393 38 0.49766655585343117
mfa 34 0.4854963173952808
mathemat 34 0.4854963173952808
daughter 34 0.4854963173952808
soundandstag 34 0.4854963173952808
u00a0www 34 0.4854963173952808
net 34 1.2549897747050174
hear 34 0.4854963173952808
soundstag 34 1.1272875393244548
game 35 2.716976530564547 36 2.667733390908734 37 2.325441735879262 38 0.4947285520765953
2019 35 2.062353164338953
global 35 2.3977360285553484 36 2.3490982474698803
jam 35 2.9746187921982266 36 2.9535734022161417
glanc 35 1.1272875393244548
tregist 35 1.1272875393244548
our 35 1.8604515206198393 36 0.9772934537000811
tjoin 35 1.1272875393244548
discord 35 1.6127838567197355
weekend 35 1.2631334650074886 36 0.7744867381574481
48 35 0.7744867381574481 36 0.48864672685004057
creativ 35 1.1417454534792135 36 0.9834460042007459 39 0.49172300210037295
long 35 0.48864672685004057 38 0.48864672685004057
writer 35 0.7744867381574481 36 0.48864672685004057
bring 35 1.7517801918575293 36 1.6904399372086532
artist 35 0.7793625190711214 36 0.49172300210037295 39 0.49172300210037295
express 35 0.7793625190711214 36 0.49172300210037295 39 0.49172300210037295
programm 35 1.4659401805501215 36 1.371804793769799
engin 35 0.4854963173952808
hour 35 1.371804793769799 36 0.48864672685004057
join 35 1.3629604762804823
musician 35 0.7744867381574481 36 0.48864672685004057
communiti 35 0.9834460042007459 36 0.49172300210037295 38 0.49172300210037295
event 35 0.9772934537000811 36 0.48864672685004057
togeth 35 0.4854963173952808
bigger 35 0.4854963173952808
singl 35 0.4854963173952808
world 35 0.49172300210037295 37 0.49172300210037295 38 0.49172300210037295
we 35 1.6904399372086532 36 1.2631334650074886
involv 35 0.7841262030774773 36 0.4947285520765953 37 0.4947285520765953 38 0.4947285520765953
140 35 0.4854963173952808
site 35 1.7517801918575293 36 0.9772934537000811
804 35 0.4854963173952808
out 35 0.4854963173952808
creat 35 1.13460256354786 36 0.9772934537000811
largest 35 0.4854963173952808
over 35 0.7744867381574481 36 0.48864672685004057
expect 35 0.4854963173952808
even 35 0.48864672685004057 37 0.48864672685004057
27 35 0.7694934573097365
2018 35 0.4854963173952808
particip 35 2.1251914576799593 36 1.8721639923357964 37 0.7793625190711214
3rd 35 0.4854963173952808
37th 35 0.4854963173952808
mani 35 0.7793625190711214 36 0.49172300210037295 38 0.49172300210037295
have 35 1.13460256354786 36 1.2631334650074886
so 35 0.7744867381574481 36 0.9772934537000811
profession 35 0.7744867381574481 36 0.48864672685004057
becaus 35 0.4854963173952808
surround 35 0.4854963173952808
ggj 35 1.4659401805501215 36 1.4659401805501215
uniqu 35 0.4854963173952808
are 35 1.3804409902354235 36 1.3804409902354235 37 0.7793625190711214
there 35 0.9772934537000811 36 0.7744867381574481
ve 35 0.4854963173952808
veteran 35 0.4854963173952808
abil 35 0.7744867381574481 36 0.48864672685004057
been 35 0.7744867381574481 36 0.48864672685004057
learn 35 0.7744867381574481 36 0.48864672685004057
inclus 35 0.4854963173952808
whether 35 0.4854963173952808
alway 35 0.4854963173952808
where 35 1.4841856562297857 36 1.2788547551540725 37 0.4947285520765953 38 0.4947285520765953
background 35 0.4854963173952808
regardless 35 0.4854963173952808
experi 35 0.7841262030774773 36 0.4947285520765953 37 0.7841262030774773 38 0.9894571041531905
space 35 0.48864672685004057 36 0.48864672685004057
anyon 35 0.4854963173952808
place 35 0.7744867381574481 36 0.7744867381574481
never 35 0.4854963173952808
befor 35 0.7744867381574481 36 0.48864672685004057
industri 35 0.9772934537000811 36 0.7744867381574481
team 35 1.371804793769799 36 1.2631334650074886
made 35 0.7744867381574481 36 0.48864672685004057
re 35 0.48864672685004057 36 0.48864672685004057
u00a0for 35 0.4854963173952808
excit 35 0.4854963173952808
counti 35 0.4854963173952808
igda 35 0.4854963173952808
club 35 0.4854963173952808
illumin 35 0.4854963173952808
video 35 0.4854963173952808
this 35 1.13460256354786 36 1.13460256354786
partner 35 0.4854963173952808
orang 35 0.4854963173952808
u00a0uci 35 0.48864672685004057 36 0.48864672685004057
u00a0th 35 1.13460256354786 36 1.13460256354786
jammer 35 1.8604515206198393 36 1.5489734763148961
tclick 35 1.538986914619473
regist 35 1.6795413111292035
want 35 1.371804793769799 36 1.2631334650074886
ani 35 1.13460256354786 36 0.9772934537000811
pleas 35 0.4854963173952808
then 35 0.4854963173952808
yourself 35 0.7744867381574481 36 0.48864672685004057
remov 35 0.4854963173952808
reason 35 0.9772934537000811 36 0.48864672685004057
if 35 1.371804793769799 36 1.2631334650074886
don 35 0.9772934537000811 36 0.7744867381574481
decid 35 0.4854963173952808
channel 35 1.1272875393244548
must 35 0.4854963173952808
announc 35 0.4854963173952808
throughout 35 0.48864672685004057 38 0.48864672685004057
all 35 0.9834460042007459 36 0.7793625190711214 37 0.49172300210037295
server 35 0.4854963173952808
post 35 0.4854963173952808
will 35 1.4659401805501215 36 1.371804793769799
import 35 0.7744867381574481 36 0.48864672685004057
code 35 1.1272875393244548
conduct 35 1.1272875393244548
park 35 1.2631334650074886 36 0.48864672685004057
arriv 35 1.4659401805501215 36 0.9772934537000811
keynot 35 1.371804793769799 36 0.48864672685004057
overnight 35 1.1272875393244548
snack 35 1.1272875393244548
meal 35 1.1272875393244548
access 35 1.1272875393244548
internet 35 1.1272875393244548
faq 35 1.1272875393244548
when 35 1.13460256354786 36 1.13460256354786
25 35 0.4854963173952808
00 35 0.4854963173952808
start 35 0.48864672685004057 36 0.48864672685004057
26th 35 0.4854963173952808
run 35 0.49172300210037295 36 0.49172300210037295 37 0.49172300210037295
pm 35 0.48864672685004057 36 0.48864672685004057
januari 35 0.48864672685004057 36 0.48864672685004057
4011 35 0.4854963173952808
hall 35 0.48864672685004057 36 1.2631334650074886
u00a0wil 35 0.4854963173952808
6011 35 0.4854963173952808
room 35 0.7793625190711214 36 0.49172300210037295 37 0.49172300210037295
registr 35 0.4854963173952808
who 35 1.3804409902354235 36 0.9834460042007459 37 0.49172300210037295
u00a0can 35 1.5489734763148961 36 1.2631334650074886
potenti 35 0.48864672685004057 36 0.48864672685004057
open 35 0.7744867381574481 36 0.7744867381574481
interest 35 1.2710855211714944 36 1.2710855211714944 38 0.49172300210037295
member 35 0.49172300210037295 36 0.49172300210037295 38 0.49172300210037295
wild 35 0.48864672685004057 36 0.48864672685004057
not 35 1.4659401805501215 36 1.5489734763148961
18 35 0.4854963173952808
chanc 35 0.7744867381574481 36 0.7744867381574481
u00a0w 35 1.13460256354786 36 1.371804793769799
adult 35 0.48864672685004057 36 0.48864672685004057
broader 35 0.48864672685004057 36 0.48864672685004057
everyon 35 0.7744867381574481 36 0.7744867381574481
parent 35 0.4854963173952808
guardian 35 0.4854963173952808
do 35 1.13460256354786 36 1.13460256354786
liabil 35 0.4854963173952808
respons 35 0.49172300210037295 36 0.49172300210037295 37 0.49172300210037295
just 35 0.7744867381574481 36 0.7744867381574481
someth 35 0.48864672685004057 36 0.48864672685004057
encourag 35 0.7744867381574481 36 0.7744867381574481
up 35 0.7744867381574481 36 1.371804793769799
unless 35 0.4854963173952808
accompani 35 0.48864672685004057 36 0.48864672685004057
spare 35 0.48864672685004057 36 0.48864672685004057
young 35 0.4854963173952808
cost 35 1.13460256354786 36 1.13460256354786
doe 35 1.13460256354786 36 1.13460256354786
drive 35 0.48864672685004057 36 0.48864672685004057
rideshar 35 0.48864672685004057 36 0.48864672685004057
carpool 35 0.48864672685004057 36 0.48864672685004057
nope 35 0.4854963173952808
onto 35 0.48864672685004057 36 0.48864672685004057
car 35 0.48864672685004057 36 0.48864672685004057
it 35 0.9834460042007459 36 0.9834460042007459 38 0.49172300210037295
campus 35 0.48864672685004057 36 1.371804793769799
pay 35 0.48864672685004057 36 0.48864672685004057
need 35 1.371804793769799 36 1.371804793769799
globalgamejam 35 1.2549897747050174
u00a0http 35 1.2631334650074886 37 1.8604515206198393
websit 35 1.2631334650074886 36 1.2631334650074886
everi 35 1.2631334650074886 36 1.371804793769799
org 35 1.2549897747050174
offici 35 1.2631334650074886 36 1.2631334650074886
come 35 1.13460256354786 36 1.13460256354786
should 35 1.6904399372086532 36 1.6904399372086532
get 35 0.9772934537000811 36 0.9772934537000811
find 35 0.7744867381574481 36 0.7744867381574481
best 35 0.48864672685004057 36 0.48864672685004057
succeed 35 0.48864672685004057 36 0.48864672685004057
connect 35 0.48864672685004057 36 0.48864672685004057
playtest 35 0.48864672685004057 36 0.48864672685004057
central 35 0.4947285520765953 36 0.4947285520765953 37 0.4947285520765953 38 0.4947285520765953
might 35 0.7793625190711214 36 0.7793625190711214 37 0.49172300210037295
found 35 0.4947285520765953 36 0.4947285520765953 38 0.4947285520765953 39 0.4947285520765953
strong 35 0.48864672685004057 36 0.48864672685004057
gjj 35 0.48864672685004057 36 0.48864672685004057
match 35 0.48864672685004057 36 0.48864672685004057
rememb 35 0.48864672685004057 36 0.48864672685004057
some 35 0.49172300210037295 36 0.49172300210037295 37 0.49172300210037295
either 35 0.48864672685004057 36 0.48864672685004057
veri 35 0.7744867381574481 36 0.7744867381574481
usual 35 0.48864672685004057 36 0.48864672685004057
stretch 35 0.48864672685004057 36 0.48864672685004057
actual 35 0.48864672685004057 36 0.48864672685004057
expert 35 0.48864672685004057 36 0.48864672685004057
talent 35 0.48864672685004057 36 0.48864672685004057
least 35 0.48864672685004057 36 0.48864672685004057
into 35 0.4947285520765953 36 0.4947285520765953 37 0.4947285520765953 38 0.4947285520765953
great 35 0.48864672685004057 36 0.48864672685004057
broad 35 0.9772934537000811 36 0.9772934537000811
familiar 35 0.48864672685004057 36 0.48864672685004057
sens 35 0.48864672685004057 36 0.48864672685004057
explor 35 0.49172300210037295 36 0.49172300210037295 38 0.9834460042007459
take 35 0.48864672685004057 36 0.48864672685004057
gamer 35 0.48864672685004057 36 0.48864672685004057
rang 35 0.7744867381574481 36 0.7744867381574481
although 35 0.48864672685004057 36 0.48864672685004057
circumst 35 0.48864672685004057 36 0.48864672685004057
fun 35 0.48864672685004057 36 0.48864672685004057
these 35 0.4947285520765953 36 0.4947285520765953 37 0.4947285520765953 38 0.7841262030774773
teambuild 35 0.48864672685004057 36 0.48864672685004057
but 35 0.9834460042007459 36 0.9834460042007459 37 0.49172300210037295
risk 35 0.48864672685004057 36 0.48864672685004057
object 35 0.4947285520765953 36 0.4947285520765953 37 0.4947285520765953 39 0.4947285520765953
idea 35 0.4947285520765953 36 0.4947285520765953 38 0.4947285520765953 39 0.4947285520765953
under 35 0.48864672685004057 36 0.48864672685004057
u00a0think 35 0.48864672685004057 36 0.48864672685004057
part 35 0.48864672685004057 36 1.9973253384981453
what 35 1.8721639923357964 36 1.8721639923357964 37 0.49172300210037295
thing 35 0.7744867381574481 36 0.7744867381574481
skill 35 0.7744867381574481 36 0.7744867381574481
u00a0to 35 0.48864672685004057 36 0.48864672685004057
u00a0you 35 0.48864672685004057 36 0.48864672685004057
discourag 35 0.7744867381574481 36 0.7744867381574481
help 35 0.9834460042007459 36 0.9834460042007459 38 0.49172300210037295
balanc 35 0.48864672685004057 36 0.48864672685004057
u2019t 35 0.9772934537000811 36 0.9772934537000811
more 35 0.49172300210037295 36 0.49172300210037295 37 0.7793625190711214
u2019m 35 1.13460256354786 36 1.13460256354786
abl 35 0.48864672685004057 36 0.48864672685004057
paper 35 0.48864672685004057 36 0.48864672685004057
program 35 0.49172300210037295 36 0.49172300210037295 38 0.49172300210037295
were 35 0.49172300210037295 36 0.49172300210037295 38 0.49172300210037295
requir 35 0.48864672685004057 36 0.48864672685004057
also 35 0.7744867381574481 36 0.7744867381574481
pen 35 0.48864672685004057 36 0.48864672685004057
u00a0ch 35 0.48864672685004057 36 0.48864672685004057
spot 35 0.48864672685004057 36 0.48864672685004057
u2019v 35 0.49172300210037295 36 0.49172300210037295 37 0.49172300210037295
meaning 35 0.48864672685004057 36 0.48864672685004057
card 35 0.7744867381574481 36 0.7744867381574481
plenti 35 0.48864672685004057 36 0.48864672685004057
board 35 0.48864672685004057 36 0.48864672685004057
u00a0everyon 35 0.48864672685004057 36 0.48864672685004057
way 35 0.7793625190711214 36 0.7793625190711214 38 0.7793625190711214
none 35 0.48864672685004057 36 0.48864672685004057
progress 35 1.13460256354786 36 1.13460256354786
realli 35 0.48864672685004057 36 0.48864672685004057
until 35 0.48864672685004057 36 0.48864672685004057
begin 35 0.48864672685004057 36 0.48864672685004057
top 35 0.48864672685004057 36 0.48864672685004057
reveal 35 0.48864672685004057 36 0.48864672685004057
spirit 35 0.48864672685004057 36 0.48864672685004057
isn 35 0.7744867381574481 36 0.7744867381574481
imagin 35 0.48864672685004057 36 0.48864672685004057
u00a0thi 35 0.7744867381574481 36 0.9772934537000811
inspir 35 0.48864672685004057 36 0.48864672685004057
no 35 0.48864672685004057 36 0.7744867381574481
secret 35 0.48864672685004057 36 0.48864672685004057
noth 35 0.48864672685004057 36 0.48864672685004057
goal 35 0.48864672685004057 36 0.48864672685004057
u00a0techn 35 0.48864672685004057 36 0.48864672685004057
whi 35 0.7744867381574481 36 0.7744867381574481
stop 35 0.48864672685004057 36 0.48864672685004057
after 35 1.13460256354786 36 1.13460256354786
happen 35 1.1417454534792135 36 1.3804409902354235 37 0.49172300210037295
anoth 35 0.48864672685004057 36 0.48864672685004057
properti 35 0.48864672685004057 36 0.48864672685004057
employ 35 0.48864672685004057 36 0.48864672685004057
conflict 35 0.48864672685004057 36 0.48864672685004057
within 35 0.49172300210037295 36 0.49172300210037295 37 0.49172300210037295
repositori 35 0.48864672685004057 36 0.48864672685004057
ip 35 0.48864672685004057 36 0.48864672685004057
one 35 0.48864672685004057 36 0.48864672685004057
sourc 35 0.48864672685004057 36 0.48864672685004057
ownership 35 0.48864672685004057 36 0.48864672685004057
disput 35 0.48864672685004057 36 0.48864672685004057
copyright 35 0.48864672685004057 36 0.48864672685004057
day 35 0.48864672685004057 36 0.7744867381574481
u00a0ani 35 0.48864672685004057 36 0.48864672685004057
exist 35 0.48864672685004057 36 0.48864672685004057
safe 35 0.48864672685004057 36 0.48864672685004057
without 35 0.49172300210037295 36 0.49172300210037295 37 0.49172300210037295
intellectu 35 0.48864672685004057 36 0.48864672685004057
share 35 0.48864672685004057 36 0.48864672685004057
condit 35 0.48864672685004057 36 0.48864672685004057
job 35 0.48864672685004057 36 0.48864672685004057
u00a0ggj 35 0.4854963173952808
organ 35 0.4947285520765953 36 0.4947285520765953 37 0.4947285520765953 38 0.4947285520765953
follow 35 0.49172300210037295 36 0.49172300210037295 38 0.49172300210037295
provid 35 0.49172300210037295 36 0.49172300210037295 39 0.49172300210037295
your 35 0.48864672685004057 36 0.48864672685004057
tool 35 0.48864672685004057 36 0.48864672685004057
think 35 0.49172300210037295 36 0.49172300210037295 38 0.49172300210037295
system 35 0.49172300210037295 36 0.49172300210037295 38 0.49172300210037295
u00a0comput 35 0.48864672685004057 36 0.48864672685004057
styli 35 0.48864672685004057 36 0.48864672685004057
they 35 0.48864672685004057 36 0.48864672685004057
would 35 0.48864672685004057 36 0.48864672685004057
suppli 35 0.48864672685004057 36 0.48864672685004057
brainstorm 35 0.48864672685004057 36 0.48864672685004057
u00a0audio 35 0.48864672685004057 36 0.48864672685004057
could 35 0.48864672685004057 36 0.48864672685004057
gear 35 0.48864672685004057 36 0.48864672685004057
dice 35 0.48864672685004057 36 0.48864672685004057
u00a0tablet 35 0.48864672685004057 36 0.48864672685004057
appropri 35 0.48864672685004057 36 0.48864672685004057
use 35 0.49172300210037295 36 0.49172300210037295 38 0.49172300210037295
sketch 35 0.48864672685004057 36 0.48864672685004057
plan 35 0.48864672685004057 36 0.48864672685004057
record 35 0.48864672685004057 36 0.48864672685004057
instal 35 0.48864672685004057 36 0.48864672685004057
concept 35 0.48864672685004057 36 0.48864672685004057
deux 36 1.9419852695811233
host 36 0.4854963173952808
again 36 0.4854963173952808
thank 36 0.4854963173952808
huge 36 0.4854963173952808
sponsor 36 0.7694934573097365
updat 36 0.4854963173952808
blind 36 0.4854963173952808
squirrel 36 0.4854963173952808
institut 36 0.4854963173952808
31 36 0.4854963173952808
30 36 0.4854963173952808
29 36 0.4854963173952808
2015 36 0.4854963173952808
29th 36 0.4854963173952808
night 36 0.4854963173952808
floor 36 0.4854963173952808
everyth 36 0.4854963173952808
close 36 0.4854963173952808
locat 36 0.4854963173952808
u00a06011 36 0.4854963173952808
certain 36 0.4854963173952808
6th 36 0.4854963173952808
venu 36 0.7694934573097365
1am 36 0.4854963173952808
8am 36 0.4854963173952808
reopen 36 0.4854963173952808
which 36 0.7744867381574481 38 0.7744867381574481
crash 36 0.4854963173952808
restrict 36 0.4854963173952808
ask 36 0.4854963173952808
howev 36 0.4854963173952808
age 36 0.4854963173952808
anteat 36 0.4854963173952808
hope 36 0.48864672685004057 38 0.48864672685004057
10 36 0.4854963173952808
now 36 0.48864672685004057 37 0.48864672685004057
about 36 0.4854963173952808
structur 36 0.4854963173952808
talk 36 0.4854963173952808
nearest 36 0.4854963173952808
earli 36 0.4854963173952808
sign 36 1.2549897747050174
awar 36 0.4854963173952808
though 36 1.2549897747050174
u00a0pleas 36 0.4854963173952808
u00a0peopl 36 1.1272875393244548
pervas 37 2.0982801741150165
film 37 1.9419852695811233
festiv 37 1.9419852695811233
my 37 0.4854963173952808
creation 37 0.4854963173952808
categori 37 0.4854963173952808
own 37 0.4854963173952808
loos 37 0.4854963173952808
insid 37 0.4854963173952808
inadvert 37 0.4854963173952808
uncertain 37 0.7694934573097365
circl 37 0.9709926347905616
outcom 37 0.9709926347905616
voluntarili 37 0.4854963173952808
becom 37 0.4854963173952808
spectat 37 1.1272875393244548
pacmanhattan 37 0.7694934573097365
youtub 37 2.132453933590219
www 37 2.225982409495579
uerupnfi8zi 37 0.4854963173952808
com 37 2.1650376285244843
control 37 0.4854963173952808
4x4mllmfhyw 37 0.4854963173952808
bee 37 0.4854963173952808
love 37 0.4854963173952808
42entertain 37 0.4854963173952808
ilovebe 37 0.4854963173952808
http 37 0.9709926347905616
blasttheori 37 0.7694934573097365
uk 37 0.7694934573097365
uncl 37 0.4854963173952808
roy 37 0.4854963173952808
me 37 0.4854963173952808
see 37 0.4854963173952808
lightn 37 0.4854963173952808
bolt 37 0.4854963173952808
j_ekugpkqfw 37 0.4854963173952808
larp 37 0.7694934573097365
tditdudfmeo 37 0.4854963173952808
darkon 37 0.4854963173952808
civil 37 0.4854963173952808
reenact 37 0.4854963173952808
znk7cs2tjgg 37 0.4854963173952808
war 37 0.9709926347905616
gc 37 0.4854963173952808
oil 37 0.4854963173952808
hzugfd 37 0.4854963173952808
rexplor 37 0.4854963173952808
mf7m97tf3ls 37 0.4854963173952808
youtu 37 1.8484567936757632
logan 37 0.4854963173952808
shelbi 37 0.4854963173952808
3an0bbceskg 37 0.4854963173952808
lost 37 0.4854963173952808
oxk8cp9kjx 37 0.4854963173952808
majest 37 0.4854963173952808
pctdmyq3xcw 37 0.4854963173952808
kind 37 0.4854963173952808
iahrc75viwc 37 0.4854963173952808
cruel 37 0.4854963173952808
2b 37 0.4854963173952808
prank 37 1.3629604762804823
disrupt 37 0.4854963173952808
uninvolv 37 0.4854963173952808
order 37 0.4854963173952808
u201d 37 0.7694934573097365
subject 37 0.4854963173952808
daili 37 0.4854963173952808
u201cweapon 37 0.4854963173952808
telekinet 37 0.4854963173952808
coffe 37 0.4854963173952808
vloxlsor3_m 37 0.4854963173952808
shop 37 0.4854963173952808
jofrc_qqca 37 0.4854963173952808
intelliv 37 0.4854963173952808
dog 37 0.4854963173952808
yob8t0b4jx4 37 0.4854963173952808
spider 37 0.4854963173952808
giant 37 0.4854963173952808
mutant 37 0.4854963173952808
ghost 37 0.4854963173952808
girl 37 0.4854963173952808
8e1yjihmxa 37 0.4854963173952808
elev 37 0.7694934573097365
star 37 0.7694934573097365
1a_j3fsm 37 0.4854963173952808
y7 37 0.4854963173952808
whole 37 0.4854963173952808
permeabl 37 0.4854963173952808
somewhat 37 0.4854963173952808
unconcern 37 0.4854963173952808
vs 37 0.4854963173952808
incorpor 37 0.4854963173952808
enact 37 0.4854963173952808
known 37 0.4854963173952808
point 37 0.4854963173952808
life 37 0.7694934573097365
j5gcewegiqi 37 0.4854963173952808
real 37 0.7694934573097365
lord 37 0.4854963173952808
wiqxughm4c8 37 0.4854963173952808
ring 37 0.4854963173952808
jwmj3pjdxuo 37 0.4854963173952808
grand 37 0.4854963173952808
frozen 37 0.4854963173952808
station 37 0.4854963173952808
histor 37 1.1272875393244548
preced 37 1.1272875393244548
cgz9os1oj14 37 0.4854963173952808
fluxus 37 0.4854963173952808
fals 37 0.4854963173952808
8icm 37 0.4854963173952808
yijyh 37 0.4854963173952808
nohtml5 37 0.4854963173952808
jtefkfixsx4 37 0.4854963173952808
list 37 0.4854963173952808
cage 37 0.4854963173952808
rdjtefkfixsx4 37 0.4854963173952808
280 37 0.4854963173952808
u201933 37 0.4854963173952808
abc 37 0.4854963173952808
eqkij0odfxa 37 0.4854963173952808
dada 37 0.4854963173952808
stji8ouvuh8 37 0.4854963173952808
situationist 37 0.4854963173952808
cultur 37 1.13460256354786 38 0.48864672685004057
popular 37 1.1272875393244548
nphmodpchu8 37 0.4854963173952808
u00a0last 37 0.4854963173952808
sheila 37 0.4854963173952808
rksidhyo 37 0.4854963173952808
zy 37 0.4854963173952808
midnight 37 0.9709926347905616
mad 37 0.9709926347905616
glusay 37 0.4854963173952808
aoji 37 0.4854963173952808
qevejxd7_hk 37 0.4854963173952808
0kqqnbr09rc 37 0.4854963173952808
littl 37 0.4854963173952808
man 37 0.4854963173952808
w2bmmtnrpi8 37 0.4854963173952808
knew 37 0.4854963173952808
too 37 0.4854963173952808
10th 37 0.4854963173952808
victim 37 0.4854963173952808
uij6oghrqki 37 0.4854963173952808
royal 37 0.4854963173952808
battl 37 0.4854963173952808
dc7ko 37 0.4854963173952808
n0p1t 37 0.4854963173952808
hunger 37 0.4854963173952808
4s9a5v9oduy 37 0.4854963173952808
intel 38 0.4854963173952808
ubiquit 38 1.4564889521858424
u00a0california 38 0.4854963173952808
santa 38 0.4854963173952808
social 38 0.4854963173952808
adapt 38 0.7694934573097365
u00a0transform 38 0.4854963173952808
center 38 0.7694934573097365
train 38 0.4854963173952808
author 38 0.4854963173952808
u00a0ha 38 0.4854963173952808
group 38 0.4854963173952808
media 38 0.4854963173952808
did 38 0.4854963173952808
u00a0intel 38 0.4854963173952808
u00a0at 38 0.9709926347905616
simon 38 0.7694934573097365
was 38 0.7694934573097365
evok 38 0.4854963173952808
playabl 38 0.4854963173952808
promot 38 0.4854963173952808
u00a0prior 38 0.4854963173952808
fraser 38 0.7694934573097365
npcs 38 0.4854963173952808
internship 38 0.4854963173952808
cruz 38 0.4854963173952808
direct 38 0.4854963173952808
behavior 38 0.4854963173952808
u00a0system 38 0.4854963173952808
simul 38 0.4854963173952808
fair 38 0.4854963173952808
san 38 0.4854963173952808
redland 38 0.4854963173952808
short 38 0.4854963173952808
2002 38 0.4854963173952808
u00a0johnston 38 0.4854963173952808
special 38 0.4854963173952808
refer 38 0.4854963173952808
linguist 38 1.4564889521858424
thereaft 38 0.4854963173952808
began 38 0.4854963173952808
autom 38 0.4854963173952808
integr 38 0.4854963173952808
manag 38 0.4854963173952808
celtic 38 1.2549897747050174
human 38 0.9709926347905616
diego 38 0.4854963173952808
2004 38 0.4854963173952808
u00a0par 38 0.4854963173952808
intellig 38 1.4564889521858424
compon 38 0.4854963173952808
u00a0complet 38 0.4854963173952808
u00a0in 38 0.4854963173952808
u00a0philosophi 38 0.4854963173952808
u00a0linguist 38 0.4854963173952808
career 38 0.4854963173952808
common 38 0.4854963173952808
ma 38 0.7694934573097365
u00a0univers 38 0.4854963173952808
u00a0earn 38 0.4854963173952808
thread 38 0.4854963173952808
tagger 38 0.4854963173952808
academ 38 0.4854963173952808
philosophi 38 1.2549897747050174
undergradu 38 0.4854963173952808
u00a0school 38 0.4854963173952808
etc 38 0.4854963173952808
philosoph 38 0.4854963173952808
determin 38 0.4854963173952808
themselv 38 0.4854963173952808
languag 38 0.4854963173952808
constrain 38 0.4854963173952808
2006 38 0.4854963173952808
case 38 0.4854963173952808
domin 38 0.4854963173952808
examin 38 0.4854963173952808
histori 38 0.4854963173952808
enter 38 0.4854963173952808
religion 38 0.4854963173952808
issu 38 0.4854963173952808
u00a0artifici 38 0.4854963173952808
further 38 0.4854963173952808
thought 38 0.4854963173952808
gain 38 0.4854963173952808
understand 38 0.4854963173952808
insight 38 0.4854963173952808
medium 38 0.4854963173952808
shape 38 0.9709926347905616
particular 38 0.7694934573097365
realm 38 0.4854963173952808
chang 38 0.4854963173952808
societi 38 0.4854963173952808
u00a0mov 38 0.4854963173952808
period 38 0.4854963173952808
artifici 38 1.1272875393244548
support 38 0.4854963173952808
siat 38 0.4854963173952808
embodi 38 0.4854963173952808
techniqu 38 0.4854963173952808
emerg 38 0.4854963173952808
paradigm 38 0.4854963173952808
novel 38 0.4854963173952808
u00a0sh 38 0.4854963173952808
u00a0phd 38 0.4854963173952808
focus 38 0.48864672685004057 39 0.48864672685004057
scholar 38 1.1272875393244548
googl 38 1.1272875393244548
profil 38 1.1272875393244548
mail 38 1.1272875393244548
dot 38 1.1272875393244548
electron 39 0.4854963173952808
visual 39 0.4854963173952808
form 39 0.4854963173952808
architectur 39 0.4854963173952808
canadian 39 0.4854963173952808
manipul 39 0.4854963173952808
colin 39 0.4854963173952808
imag 39 0.4854963173952808
altern 39 0.4854963173952808
opportun 39 0.4854963173952808
fabric 39 0.4854963173952808
built 39 0.4854963173952808
mode 39 0.4854963173952808
homepag 39 1.1272875393244548
