game 20 2.020153962899957 21 2.1804350795221143 24 2.580526671715625 25 0.7537483318033535 26 2.47741935986724 27 2.736807244649648 28 1.2293105810429406 29 2.655997328761701
ic 20 0.48226811224289423 21 0.48226811224289423 22 0.48226811224289423 23 0.48226811224289423 24 2.293130619595707 25 0.48226811224289423 26 2.0843281035708565 27 0.48226811224289423 28 0.48226811224289423 29 2.011021858640032
content 20 0.48226811224289423 21 0.48226811224289423 22 0.48226811224289423 23 0.48226811224289423 24 0.9645362244857885 25 0.48226811224289423 26 0.7643768731985688 27 0.48226811224289423 28 0.48226811224289423 29 0.48226811224289423
wearabl 20 1.9403062980626316
workshop 20 1.8720653294344571
edu 20 0.48226811224289423 21 0.48226811224289423 22 0.48226811224289423 23 0.48226811224289423 24 1.2466449854414632 25 0.48226811224289423 26 1.6683735561535895 27 0.7643768731985688 28 0.48226811224289423 29 1.6683735561535895
transformativeplay 20 0.48226811224289423 21 0.48226811224289423 22 0.48226811224289423 23 0.48226811224289423 24 0.7643768731985688 25 0.48226811224289423 26 0.48226811224289423 27 0.48226811224289423 28 0.48226811224289423 29 0.48226811224289423
https 20 0.48226811224289423 21 0.48226811224289423 22 0.48226811224289423 23 0.48226811224289423 24 0.48226811224289423 25 0.48226811224289423 26 0.48226811224289423 27 0.48226811224289423 28 0.48226811224289423 29 0.48226811224289423
control 20 1.992500008798964 24 0.4610210917567087 26 0.4610210917567087 29 0.4610210917567087
as 20 1.9685205066769003 22 0.47207575819613534 24 1.633113804295886 26 1.7973599615521312 27 0.7482223742403825 28 1.2202981324365179 29 1.496444748480765
costum 20 1.924715954750652 26 0.4530952914472827
url 20 0.48226811224289423 21 0.48226811224289423 22 0.48226811224289423 23 0.48226811224289423 24 0.48226811224289423 25 0.48226811224289423 26 0.48226811224289423 27 0.48226811224289423 28 0.48226811224289423 29 0.48226811224289423
uci 20 1.929072448971577 21 0.48226811224289423 22 0.48226811224289423 23 0.48226811224289423 24 1.8361658708994124 25 0.7643768731985688 26 1.929072448971577 27 1.119791879085068 28 0.48226811224289423 29 1.8361658708994124
at 20 1.9972196550433607 21 0.478958171754301 22 0.7591307416445299 24 1.957723729558903 25 0.7591307416445299 26 1.7170470851531319 27 1.4368745152629028 28 1.3446055809341482 29 1.8712371769167282
play 20 1.957723729558903 21 1.8712371769167282 22 1.8712371769167282 24 1.8712371769167282 25 1.957723729558903 26 1.915832687017204 27 1.8712371769167282 28 2.5489809505351007 29 1.8712371769167282
transform 20 1.957723729558903 21 1.8712371769167282 22 1.8712371769167282 24 1.8712371769167282 25 1.8712371769167282 26 1.8712371769167282 27 1.915832687017204 28 1.8712371769167282 29 1.8712371769167282
the 20 2.0345795955837334 21 2.0345795955837334 22 1.915832687017204 24 2.7302721855964602 25 1.915832687017204 26 3.1016054448638726 27 2.9551359985519627 28 2.0700227787808 29 2.7302721855964602
lab 20 1.957723729558903 21 1.8712371769167282 22 1.8712371769167282 24 2.0700227787808 25 1.8712371769167282 26 1.8712371769167282 27 1.8712371769167282 28 1.8712371769167282 29 1.8712371769167282
of 20 1.1121064352721983 21 1.591064607026499 22 1.2380889133988309 24 2.7690294786437404 25 1.2380889133988309 26 2.436681901313204 27 1.957723729558903 28 1.3446055809341482 29 2.6455551360446776
depart 20 0.478958171754301 21 1.2380889133988309 22 0.7591307416445299 24 0.478958171754301 25 0.7591307416445299 26 0.478958171754301 27 0.478958171754301 28 0.478958171754301 29 0.478958171754301
informat 20 0.478958171754301 21 1.2380889133988309 22 0.7591307416445299 24 0.478958171754301 25 0.7591307416445299 26 0.478958171754301 27 0.478958171754301 28 0.478958171754301 29 0.478958171754301
irvin 20 0.7591307416445299 21 0.478958171754301 22 0.957916343508602 24 0.7591307416445299 25 0.7591307416445299 26 0.7591307416445299 27 1.4368745152629028 28 0.478958171754301 29 0.7591307416445299
uc 20 0.7591307416445299 21 0.478958171754301 22 0.478958171754301 24 0.478958171754301 25 0.478958171754301 26 0.478958171754301 27 1.4368745152629028 28 0.478958171754301 29 0.478958171754301
that 20 0.9369874701156392 24 1.8739749402312784 26 1.7837219281255403 27 1.315228193067721 28 1.2110387369472562 29 1.7837219281255403
for 20 0.9511244984791739 21 1.1042213473772233 22 0.47556224923958695 24 2.151235298397099 26 2.377811246197935 27 2.377811246197935 28 1.5797835966168101 29 2.120737330889285
engag 20 0.4610210917567087 24 0.4610210917567087 26 0.4610210917567087 29 0.4610210917567087
explor 20 0.4648107966956554 22 0.4648107966956554 25 0.4648107966956554 26 0.4648107966956554 27 0.4648107966956554
system 20 0.4648107966956554 24 0.4648107966956554 26 0.736707682692939 27 0.4648107966956554 28 1.6079811667729431
technolog 20 0.4610210917567087 21 1.0704578252855466 22 0.4610210917567087 28 1.5948709416818447
long 20 0.7115603626030492
and 20 1.2380889133988309 21 1.957723729558903 22 0.957916343508602 24 2.974068431595233 25 0.7591307416445299 26 3.182129214052998 27 2.0345795955837334 28 1.2380889133988309 29 2.8844622773600563
to 20 1.2202981324365179 24 2.2446671227211477 25 0.47207575819613534 26 2.832454549176812 27 2.5291704246553066 28 1.2202981324365179 29 2.2694357197482664
on 20 0.7425450018894365 22 0.4684937350578196 24 2.0577731949571576 26 2.024796235825107 27 0.9369874701156392 29 1.8303537675989043
us 20 0.4610210917567087 24 0.4610210917567087 26 1.0704578252855466 29 0.4610210917567087
innov 20 0.4648107966956554 24 1.2015184793885942 26 1.0792572476546203 28 1.2015184793885942 29 1.0792572476546203
evok 20 0.7181390461972663 22 0.4530952914472827
bodi 20 0.44894460422835875
day 20 0.736707682692939 21 1.473415365385878 24 1.7200043335134074 26 0.4648107966956554 27 0.736707682692939
present 20 0.4610210917567087 24 1.2942498311155664 26 0.9220421835134174 29 0.9220421835134174
join 20 0.4610210917567087 24 0.7307011424759106 26 0.7307011424759106 29 0.7307011424759106
hand 20 0.44894460422835875
use 20 0.4684937350578196 24 1.4054812051734586 26 1.485090003778873 27 0.7425450018894365 28 1.8739749402312784 29 1.315228193067721
creat 20 0.4684937350578196 24 1.0878087657094677 26 1.2110387369472562 27 1.2110387369472562 28 1.620722040192506 29 1.0878087657094677
imagin 20 0.4530952914472827 27 0.4530952914472827
hardwar 20 0.4648107966956554 24 0.4648107966956554 26 0.4648107966956554 28 1.2015184793885942 29 0.4648107966956554
ani 20 0.9296215933913108 24 1.3048888779290646 26 1.3944323900869662 27 0.9296215933913108 29 1.3048888779290646
particip 20 0.9296215933913108 24 1.7200043335134074 26 0.736707682692939 27 1.938226162081533 29 1.7200043335134074
compris 20 0.44894460422835875
expertis 20 0.44894460422835875
we 20 0.7425450018894365 24 1.4054812051734586 26 1.8739749402312784 27 1.485090003778873 28 1.2110387369472562 29 1.4054812051734586
so 20 0.736707682692939 24 1.0792572476546203 26 1.3944323900869662 27 0.4648107966956554 29 1.0792572476546203
simpl 20 0.44894460422835875
u00a0 20 0.7482223742403825 22 0.47207575819613534 24 2.0735065775963784 25 0.47207575819613534 26 2.0402774822631304 27 1.6923738906326533 29 1.8443483401112424
consist 20 0.44894460422835875
all 20 0.4648107966956554 24 1.0792572476546203 26 0.9296215933913108 27 1.3048888779290646 29 0.736707682692939
requir 20 0.7425450018894365 21 1.485090003778873 24 1.2110387369472562 26 1.0878087657094677 27 0.4684937350578196 29 1.0878087657094677
can 20 0.4684937350578196 24 1.5563025007672873 26 1.620722040192506 27 1.5563025007672873 28 1.2110387369472562 29 1.315228193067721
from 20 0.4648107966956554 24 1.938226162081533 26 1.8159649303475593 27 1.0792572476546203 29 1.6079811667729431
hack 20 0.44894460422835875
interfac 20 0.7307011424759106 24 1.0704578252855466 26 1.0704578252855466 29 1.0704578252855466
platform 20 0.4610210917567087 24 0.9220421835134174 26 0.9220421835134174 29 0.7307011424759106
quick 20 0.4530952914472827 26 0.4530952914472827
is 20 0.7591307416445299 21 1.5182614832890597 22 0.478958171754301 24 2.0700227787808 25 0.478958171754301 26 2.2513140138421592 27 2.0345795955837334 28 1.2380889133988309 29 1.9972196550433607
background 20 0.44894460422835875
express 20 0.45711824473713547 22 0.45711824473713547 27 0.45711824473713547
u00a0veri 20 0.44894460422835875
technic 20 0.4610210917567087 24 1.0704578252855466 26 1.755270922872275 29 1.0704578252855466
fabric 20 0.4530952914472827 28 1.505149978319906
new 20 0.47556224923958695 21 1.1042213473772233 22 0.47556224923958695 24 0.47556224923958695 26 0.9511244984791739 27 1.3350720211475395 28 1.2293105810429406 29 0.47556224923958695
no 20 0.4610210917567087 24 1.0704578252855466 26 0.4610210917567087 27 0.4610210917567087
conduct 20 0.4530952914472827 27 1.0520546868726235
will 20 1.0878087657094677 21 1.485090003778873 24 2.321009933662816 26 2.321009933662816 27 1.2110387369472562 29 2.2276350056683096
board 20 0.4530952914472827 27 0.4530952914472827
focus 20 0.4610210917567087 25 0.4610210917567087 26 0.4610210917567087 29 0.4610210917567087
encourag 20 0.4648107966956554 24 0.9296215933913108 26 0.4648107966956554 27 0.736707682692939 29 0.736707682692939
clip 20 0.44894460422835875
kit 20 0.44894460422835875
allig 20 0.44894460422835875
makey 20 0.44894460422835875
design 20 0.47207575819613534 24 1.0961259658708598 25 0.47207575819613534 26 1.6923738906326533 27 1.568201724066995 28 1.633113804295886 29 1.325284203355996
provid 20 0.9296215933913108 24 0.4648107966956554 26 0.736707682692939 27 1.3048888779290646 29 0.4648107966956554
possibl 20 0.4610210917567087 24 0.4610210917567087 26 0.4610210917567087 29 0.4610210917567087
togeth 20 0.4610210917567087 24 0.4610210917567087 26 0.7307011424759106 29 0.4610210917567087
academ 20 0.4648107966956554 21 1.0792572476546203 24 1.6079811667729431 26 1.2015184793885942 29 1.5440680443502757
modifi 20 0.7307011424759106 24 0.7307011424759106 26 0.4610210917567087 29 0.4610210917567087
re 20 0.4610210917567087 24 0.4610210917567087 27 0.4610210917567087 28 1.1917222342326192
are 20 0.4684937350578196 22 0.4684937350578196 24 1.914950733407419 26 2.25221566318336 27 1.315228193067721 29 1.8739749402312784
item 20 0.44894460422835875
be 20 0.7482223742403825 21 1.0961259658708598 24 2.218963643796685 26 2.1644496488287883 27 1.416227274588406 28 1.2202981324365179 29 1.9685205066769003
invit 20 0.4610210917567087 24 0.7307011424759106 26 0.9220421835134174 29 0.7307011424759106
cloth 20 0.44894460422835875
pool 20 0.44894460422835875
they 20 0.4648107966956554 24 0.9296215933913108 26 1.3048888779290646 27 0.736707682692939 29 1.2015184793885942
would 20 0.45711824473713547 24 0.45711824473713547 27 0.45711824473713547
wide 20 0.4610210917567087 24 0.4610210917567087 26 0.4610210917567087 29 0.4610210917567087
contribut 20 0.45711824473713547 24 1.0613956951407522 27 0.45711824473713547
piec 20 0.7307011424759106 24 0.4610210917567087 26 0.4610210917567087 29 0.4610210917567087
group 20 0.4610210917567087 24 0.7307011424759106 26 0.4610210917567087 29 0.4610210917567087
understand 20 0.45711824473713547 27 0.45711824473713547 28 1.1816335210409712
also 20 0.4684937350578196 24 0.7425450018894365 26 0.7425450018894365 27 0.7425450018894365 28 1.2110387369472562 29 0.7425450018894365
these 20 0.4684937350578196 24 1.2110387369472562 26 1.4054812051734586 27 1.2110387369472562 28 1.2110387369472562 29 1.315228193067721
prop 20 0.7115603626030492
into 20 0.4648107966956554 24 0.9296215933913108 26 0.4648107966956554 27 0.4648107966956554 29 0.4648107966956554
dure 20 0.4610210917567087 24 0.7307011424759106 26 1.0704578252855466 29 0.9220421835134174
may 20 0.7307011424759106 24 1.0704578252855466 26 1.2942498311155664 29 0.7307011424759106
like 20 0.45711824473713547 27 0.45711824473713547 28 1.1816335210409712
appropri 20 0.4530952914472827 27 0.4530952914472827
accessori 20 0.44894460422835875
share 20 0.4648107966956554 24 0.736707682692939 26 1.0792572476546203 27 0.4648107966956554 29 0.4648107966956554
assort 20 0.4530952914472827 26 0.4530952914472827
bring 20 0.7181390461972663 27 1.5674521774884114
well 20 0.4684937350578196 22 0.4684937350578196 24 1.0878087657094677 26 0.9369874701156392 27 0.4684937350578196 29 0.9369874701156392
or 20 0.9441515163922707 21 1.0961259658708598 24 1.8883030327845414 26 2.0735065775963784 27 1.0961259658708598 28 1.2202981324365179 29 1.9685205066769003
build 20 0.4610210917567087 24 0.7307011424759106 26 1.992500008798964 29 0.9220421835134174
where 20 0.47207575819613534 22 0.47207575819613534 24 0.47207575819613534 26 0.7482223742403825 27 1.633113804295886 28 1.2202981324365179 29 0.7482223742403825
calit2 20 0.44894460422835875
in 20 0.47556224923958695 22 0.47556224923958695 24 2.419405271707831 25 0.47556224923958695 26 2.377811246197935 27 2.1804350795221143 28 1.2293105810429406 29 2.1804350795221143
5pm 20 0.4530952914472827 24 1.2719992966056537
afternoon 20 0.44894460422835875
lunch 20 0.44894460422835875
31st 20 0.45711824473713547 26 0.45711824473713547 29 1.0613956951407522
coffe 20 0.44894460422835875
sunday 20 0.44894460422835875
9am 20 0.44894460422835875
when 20 0.4684937350578196 24 0.7425450018894365 26 0.4684937350578196 27 1.5563025007672873 28 1.2110387369472562 29 0.4684937350578196
recommend 20 0.45711824473713547 24 1.1816335210409712 26 0.7245152763038357
collabor 20 0.4530952914472827 24 0.4530952914472827
willing 20 0.44894460422835875
with 20 0.4684937350578196 22 0.4684937350578196 24 2.024796235825107 26 1.9535837388366926 27 1.7336328249082253 29 1.620722040192506
creativ 20 0.4530952914472827 27 0.9061905828945654
laptop 20 0.44894460422835875
other 20 0.4684937350578196 24 1.5563025007672873 26 1.6795324720050757 27 1.0878087657094677 28 1.2110387369472562 29 1.4054812051734586
what 20 0.47207575819613534 21 1.496444748480765 24 1.7973599615521312 26 1.568201724066995 27 1.7973599615521312 28 1.2202981324365179 29 1.416227274588406
option 20 0.4530952914472827 24 1.505149978319906
gl 20 0.44894460422835875
form 20 0.4610210917567087 22 0.4610210917567087 26 0.9220421835134174 29 0.4610210917567087
here 20 0.4648107966956554 24 0.9296215933913108 26 1.6079811667729431 27 1.0792572476546203 29 1.3048888779290646
u00a0http 20 0.4648107966956554 24 0.736707682692939 26 0.4648107966956554 27 1.2015184793885942 29 0.4648107966956554
goo 20 0.44894460422835875
ja6jzgzdjf 20 0.44894460422835875
regist 20 0.7181390461972663 27 1.171234337644549
have 20 0.736707682692939 24 2.0415965606220037 26 2.131140072779905 27 1.5440680443502757 29 2.1026004366970175
not 20 0.4684937350578196 21 1.0878087657094677 24 1.5563025007672873 26 2.0892157752503255 27 1.4054812051734586 29 1.9901274270280613
receiv 20 0.4610210917567087 24 0.9220421835134174 26 1.1917222342326192 29 0.9220421835134174
within 20 0.4648107966956554 24 0.4648107966956554 26 0.4648107966956554 27 0.4648107966956554 29 0.4648107966956554
limit 20 0.4530952914472827 26 0.4530952914472827
whether 20 0.44894460422835875
few 20 0.45711824473713547 26 0.7245152763038357 29 0.45711824473713547
email 20 0.45711824473713547 21 1.0613956951407522 24 0.7245152763038357
spot 20 0.4530952914472827 27 0.4530952914472827
space 20 0.44894460422835875
you 20 0.736707682692939 24 1.938226162081533 26 2.2101230480788168 27 1.6663292760842499 29 1.938226162081533
followup 20 0.44894460422835875
after 20 0.45711824473713547 26 0.45711824473713547 27 1.0613956951407522
secur 20 0.44894460422835875
confirm 20 0.44894460422835875
gmail 20 0.4530952914472827 24 0.4530952914472827
if 20 0.4648107966956554 24 1.473415365385878 26 1.8159649303475593 27 1.6079811667729431 29 1.6663292760842499
tanenbaum 20 0.4648107966956554 21 1.0792572476546203 24 1.0792572476546203 26 1.2015184793885942 29 1.0792572476546203
karen 20 0.44894460422835875
question 20 0.4648107966956554 24 1.0792572476546203 26 1.473415365385878 27 0.4648107966956554 29 0.9296215933913108
pleas 20 0.4648107966956554 24 1.2015184793885942 26 1.2015184793885942 27 1.2015184793885942 29 1.0792572476546203
contact 20 0.4610210917567087 24 1.0704578252855466 26 1.2942498311155664 27 1.2942498311155664
com 20 0.4530952914472827 24 0.7181390461972663
by 20 0.478958171754301 21 0.478958171754301 22 0.478958171754301 24 1.5182614832890597 25 0.478958171754301 26 2.0700227787808 27 0.478958171754301 28 0.478958171754301 29 1.2380889133988309
theme 20 0.478958171754301 21 0.478958171754301 22 0.478958171754301 24 1.2380889133988309 25 0.478958171754301 26 1.2380889133988309 27 0.7591307416445299 28 0.478958171754301 29 1.2380889133988309
themeegg 20 0.478958171754301 21 0.478958171754301 22 0.478958171754301 24 0.478958171754301 25 0.478958171754301 26 0.478958171754301 27 0.478958171754301 28 0.478958171754301 29 0.478958171754301
class 21 1.1917222342326192 24 2.0558920334385533 26 2.560782616660067 29 1.652743325989328
in4rmatx 21 1.795778416913435
295 21 1.9403062980626316
media 21 2.0774249205391144 25 0.4530952914472827
digit 21 2.024796235825107 24 0.4684937350578196 25 0.4684937350578196 26 0.4684937350578196 28 1.2110387369472562 29 0.4684937350578196
syllabus 21 1.0704578252855466 24 0.4610210917567087 26 1.2942498311155664 29 1.5314789170422551
2016 21 1.0520546868726235 24 1.0520546868726235
inf 21 1.0520546868726235 24 0.4530952914472827
winter 21 1.0704578252855466 24 1.8440843670268348 26 1.652743325989328 29 2.216292014628984
theresa 21 1.0704578252855466 24 1.0704578252855466 26 1.0704578252855466 29 1.0704578252855466
school 21 1.0704578252855466 22 0.7307011424759106 25 0.7307011424759106 26 0.9220421835134174
inform 21 1.0961259658708598 22 0.7482223742403825 24 0.7482223742403825 25 0.47207575819613534 26 0.7482223742403825 27 0.47207575819613534 29 0.47207575819613534
scienc 21 1.0792572476546203 22 0.9296215933913108 24 1.0792572476546203 25 0.4648107966956554 27 0.4648107966956554
professor 21 1.0792572476546203 22 0.736707682692939 24 1.2015184793885942 26 1.2015184793885942 29 1.0792572476546203
comput 21 1.0961259658708598 22 0.7482223742403825 24 1.2202981324365179 25 0.47207575819613534 26 0.47207575819613534 28 1.2202981324365179 29 0.47207575819613534
bren 21 1.0704578252855466 22 0.9220421835134174 25 0.4610210917567087 27 0.4610210917567087
donald 21 1.0704578252855466 22 0.9220421835134174 25 0.4610210917567087 27 0.4610210917567087
jean 21 1.0704578252855466 24 1.0704578252855466 26 1.0704578252855466 29 1.0704578252855466
descript 21 1.0704578252855466 24 2.2396317021070553 26 1.0704578252855466 29 1.0704578252855466
cours 21 1.7059807588372935 24 2.962643593130419 26 2.1137644177460366 29 2.3051054587835433
structur 21 1.0792572476546203 24 1.2015184793885942 26 1.0792572476546203 27 0.4648107966956554 29 1.0792572476546203
object 21 1.0878087657094677 22 0.4684937350578196 24 1.2110387369472562 26 1.2110387369472562 27 0.4684937350578196 29 1.2110387369472562
evalu 21 1.042417089605914
grade 21 1.0704578252855466 24 2.8626889698346276 26 2.216292014628984 29 2.4535211005556725
resourc 21 1.0704578252855466 24 1.2942498311155664 26 2.1137644177460366 29 1.652743325989328
onlin 21 1.0520546868726235 24 0.4530952914472827
read 21 1.7200043335134074 22 0.4648107966956554 24 0.736707682692939 26 0.4648107966956554 29 0.4648107966956554
work 21 1.0878087657094677 22 0.4684937350578196 24 1.2110387369472562 26 1.315228193067721 27 1.6795324720050757 29 1.0878087657094677
final 21 1.4614022849518211 24 1.755270922872275 26 2.0558920334385533 29 1.9224233767085297
paper 21 1.0704578252855466 24 0.4610210917567087 26 0.4610210917567087 27 0.4610210917567087
hermeneut 21 1.042417089605914
analysi 21 1.042417089605914
close 21 1.0613956951407522 26 0.45711824473713547 29 0.45711824473713547
idea 21 1.0792572476546203 24 0.736707682692939 26 0.4648107966956554 27 0.4648107966956554 29 0.4648107966956554
mileston 21 1.042417089605914
book 21 1.0613956951407522 22 0.7245152763038357 26 0.45711824473713547
schedul 21 1.0792572476546203 24 2.6496259269047187 26 1.473415365385878 27 1.2015184793885942 29 1.2015184793885942
topic 21 1.4231207252060984
deliver 21 1.4614022849518211 24 1.4614022849518211 26 1.5314789170422551 29 1.5314789170422551
week 21 2.469944474312372 24 2.0558920334385533 26 2.0854574716105168 29 3.0695759269252867
10 21 1.0792572476546203 24 2.0415965606220037 26 1.5440680443502757 27 0.4648107966956554 29 2.0415965606220037
import 21 1.0792572476546203 24 1.2015184793885942 26 1.0792572476546203 27 0.4648107966956554 29 1.2015184793885942
polici 21 1.0792572476546203 22 0.4648107966956554 24 2.2807757270432143 26 1.2015184793885942 29 1.2015184793885942
accommod 21 1.0704578252855466 24 1.2942498311155664 26 0.9220421835134174 29 1.2942498311155664
center 21 1.0878087657094677 22 0.4684937350578196 24 1.4054812051734586 26 1.0878087657094677 27 0.4684937350578196 29 1.315228193067721
counsel 21 1.0704578252855466 24 1.1917222342326192 26 0.9220421835134174 29 1.1917222342326192
cheat 21 1.4362780923945326 24 1.171234337644549
plagiar 21 1.7059807588372935 24 1.5314789170422551 26 1.383063275270126 29 1.383063275270126
instructor 21 1.0704578252855466 24 1.1917222342326192 26 1.383063275270126 29 1.1917222342326192
cannot 21 1.0704578252855466 24 1.1917222342326192 26 1.2942498311155664 29 1.1917222342326192
toler 21 1.0704578252855466 24 1.1917222342326192 26 1.1917222342326192 29 1.1917222342326192
dishonesti 21 1.0704578252855466 24 1.1917222342326192 26 1.1917222342326192 29 1.1917222342326192
check 21 1.0704578252855466 24 1.5948709416818447 26 0.9220421835134174 29 1.1917222342326192
refer 21 1.0704578252855466 24 1.2942498311155664 26 0.4610210917567087 29 0.4610210917567087
manag 21 1.0792572476546203 23 0.4648107966956554 24 1.3048888779290646 26 0.4648107966956554 29 0.4648107966956554
softwar 21 1.0792572476546203 24 1.2015184793885942 26 0.736707682692939 27 0.4648107966956554 29 0.736707682692939
zotero 21 1.0520546868726235 24 1.171234337644549
geoffrey 22 1.9719072070147352
bowker 22 1.9719072070147352
chancellor 22 0.7115603626030492
chair 22 0.7115603626030492
univers 22 0.7245152763038357 25 0.7245152763038357 26 0.45711824473713547
california 22 0.7181390461972663 25 0.4530952914472827
u00a0sort 22 0.44894460422835875
out 22 0.4610210917567087 24 1.2942498311155664 26 1.4614022849518211 29 1.1917222342326192
beyond 22 0.44894460422835875
current 22 0.4610210917567087 24 0.4610210917567087 26 0.7307011424759106 29 0.4610210917567087
stefan 22 0.44894460422835875
ethic 22 0.44894460422835875
databas 22 0.4530952914472827 24 0.4530952914472827
wrote 22 0.44894460422835875
santa 22 0.44894460422835875
u00a0director 22 0.44894460422835875
star 22 0.44894460422835875
big 22 0.44894460422835875
social 22 0.45711824473713547 25 0.45711824473713547 27 0.45711824473713547
includ 22 0.4684937350578196 23 0.4684937350578196 24 0.7425450018894365 26 0.7425450018894365 27 0.7425450018894365 29 0.4684937350578196
edit 22 0.44894460422835875
scholar 22 0.45711824473713547 25 0.45711824473713547 27 0.45711824473713547
which 22 0.4648107966956554 24 0.736707682692939 26 1.0792572476546203 27 0.4648107966956554 29 0.736707682692939
complet 22 0.4648107966956554 24 1.0792572476546203 25 0.4648107966956554 26 0.9296215933913108 29 0.9296215933913108
leigh 22 0.44894460422835875
his 22 0.4530952914472827 25 0.4530952914472827
u00a0togeth 22 0.44894460422835875
timmerman 22 0.44894460422835875
u00a0boundari 22 0.44894460422835875
member 22 0.4648107966956554 24 1.2015184793885942 26 1.2015184793885942 27 0.4648107966956554 29 1.0792572476546203
found 22 0.4610210917567087 24 0.4610210917567087 26 0.4610210917567087 27 0.4610210917567087
laboratori 22 0.44894460422835875
u2019 22 0.4648107966956554 24 1.3048888779290646 26 0.736707682692939 27 0.4648107966956554 29 1.0792572476546203
adel 22 0.44894460422835875
ellen 22 0.44894460422835875
u00a0memori 22 0.44894460422835875
classif 22 0.44894460422835875
balka 22 0.44894460422835875
u00a0and 22 0.4530952914472827 26 0.4530952914472827
data 22 0.44894460422835875
scientif 22 0.44894460422835875
council 22 0.44894460422835875
recent 22 0.44894460422835875
pittsburgh 22 0.44894460422835875
practic 22 0.44894460422835875
cyberinfrastructur 22 0.44894460422835875
he 22 0.4530952914472827 25 0.4530952914472827
cyberscholarship 22 0.44894460422835875
consequ 22 0.44894460422835875
most 22 0.4610210917567087 24 0.7307011424759106 26 0.4610210917567087 29 0.4610210917567087
societi 22 0.44894460422835875
it 22 0.4684937350578196 24 1.4054812051734586 26 1.4054812051734586 27 0.9369874701156392 28 1.2110387369472562 29 1.0878087657094677
direct 22 0.45711824473713547 24 0.45711824473713547 27 1.1816335210409712
thing 22 0.4648107966956554 24 0.9296215933913108 26 0.736707682692939 27 0.736707682692939 29 0.736707682692939
senior 22 0.44894460422835875
clark 22 0.44894460422835875
clara 22 0.44894460422835875
collect 22 0.44894460422835875
execut 22 0.44894460422835875
ischool 22 0.44894460422835875
knowledg 22 0.4530952914472827 27 0.4530952914472827
posit 22 0.44894460422835875
tye 23 0.44894460422835875
comment 23 0.4610210917567087 24 0.7307011424759106 26 0.7307011424759106 29 0.4610210917567087
site 23 0.4610210917567087 26 1.8011589677614572 27 1.7059807588372935 29 1.0704578252855466
ascii 23 0.44894460422835875
dashboard 23 0.44894460422835875
view 23 0.44894460422835875
wordpress 23 0.44894460422835875
xml 23 0.44894460422835875
png 23 0.44894460422835875
imag 23 0.44894460422835875
wlwmanifest 23 0.44894460422835875
icon 23 0.44894460422835875
wp 23 0.44894460422835875
watermark 23 0.44894460422835875
wlw 23 0.44894460422835875
encod 23 0.44894460422835875
capston 24 2.038487554036764 26 1.8284729789485419 29 2.1227913902815043
169 24 2.0078084306289656 26 1.785910971444588 29 1.8284729789485419
project 24 1.9224233767085297 26 2.0558920334385533 28 1.4614022849518211 29 2.216292014628984
cgs 24 1.9070841363136863
major 24 1.2603468444116859
u00a0fal 24 1.042417089605914
2017 24 1.171234337644549 29 0.7181390461972663
ttanen 24 0.45711824473713547 26 1.0613956951407522 29 1.0613956951407522
u00a0calvin 24 1.042417089605914
assist 24 1.1816335210409712 26 1.3713547342114063 29 0.45711824473713547
teach 24 1.383063275270126 25 0.4610210917567087 26 2.325572084157755 29 0.7307011424759106
liu 24 1.042417089605914
calvinliu20503 24 0.44894460422835875
thur 24 0.44894460422835875
12 24 0.44894460422835875
20pm 24 0.44894460422835875
11 24 0.4530952914472827 26 1.171234337644549
tu 24 0.44894460422835875
00am 24 0.44894460422835875
u2013 24 2.3813361785362686 26 0.7245152763038357 29 3.0754551889210004
various 24 1.160504966831408
see 24 1.3713547342114063 26 0.45711824473713547 29 0.45711824473713547
below 24 1.2719992966056537 29 0.4530952914472827
270 24 0.44894460422835875
locat 24 2.1227913902815043 26 0.45711824473713547 29 1.1816335210409712
ssl 24 0.44894460422835875
hour 24 0.4610210917567087 26 0.4610210917567087 27 1.1917222342326192 29 0.4610210917567087
offic 24 0.7245152763038357 26 0.45711824473713547 29 0.45711824473713547
appoint 24 0.44894460422835875
websit 24 1.2942498311155664 26 1.2942498311155664 27 1.1917222342326192 29 1.1917222342326192
extern 24 2.084834179211828
activ 24 2.243029216181723 26 1.0613956951407522 29 1.1816335210409712
logist 24 2.2206717454590783 26 1.0613956951407522 29 1.0613956951407522
catalog 24 1.0613956951407522 26 1.0613956951407522 29 1.0613956951407522
world 24 0.4610210917567087 26 0.4610210917567087 28 1.1917222342326192 29 0.4610210917567087
art 24 0.4610210917567087 26 1.2942498311155664 27 0.4610210917567087 29 0.4610210917567087
product 24 0.4610210917567087 26 0.4610210917567087 27 0.7307011424759106 29 0.4610210917567087
team 24 2.0249509735914772 26 2.6019367423278017 27 1.1917222342326192 29 2.0249509735914772
scene 24 0.45711824473713547 26 0.7245152763038357 29 0.45711824473713547
virtual 24 0.45711824473713547 26 0.45711824473713547 29 0.45711824473713547
full 24 0.45711824473713547 26 0.45711824473713547 29 0.45711824473713547
trend 24 0.45711824473713547 26 0.45711824473713547 29 0.45711824473713547
student 24 2.0415965606220037 25 0.4648107966956554 26 1.8592431867826216 27 0.4648107966956554 29 1.8998968597054575
implement 24 0.45711824473713547 26 0.45711824473713547 29 0.45711824473713547
util 24 0.45711824473713547 26 0.45711824473713547 29 0.45711824473713547
sound 24 0.45711824473713547 26 0.7245152763038357 29 0.7245152763038357
emphasi 24 0.45711824473713547 26 0.45711824473713547 29 0.45711824473713547
level 24 0.7245152763038357 26 0.7245152763038357 29 0.7245152763038357
communiti 24 0.4648107966956554 25 0.4648107966956554 26 0.736707682692939 27 0.4648107966956554 29 0.4648107966956554
industri 24 0.7307011424759106 26 1.0704578252855466 27 0.7307011424759106 29 1.0704578252855466
cut 24 0.45711824473713547 26 0.45711824473713547 29 0.45711824473713547
valu 24 0.45711824473713547 26 0.45711824473713547 29 0.45711824473713547
philosophi 24 1.0613956951407522 26 1.0613956951407522 29 1.0613956951407522
open 24 0.7307011424759106 26 0.9220421835134174 27 0.7307011424759106 29 0.7307011424759106
there 24 0.9220421835134174 26 1.383063275270126 27 0.7307011424759106 29 0.7307011424759106
u201clearn 24 0.45711824473713547 26 0.45711824473713547 29 0.45711824473713547
develop 24 1.0704578252855466 26 1.1917222342326192 27 1.1917222342326192 29 1.1917222342326192
u201d 24 0.9142364894742709 26 1.581369309299629 29 1.581369309299629
subject 24 0.4610210917567087 26 0.7307011424759106 27 0.4610210917567087 29 0.4610210917567087
but 24 1.383063275270126 26 1.4614022849518211 27 0.9220421835134174 29 1.383063275270126
pretti 24 0.45711824473713547 26 0.45711824473713547 29 0.45711824473713547
some 24 1.4614022849518211 26 1.2942498311155664 27 0.4610210917567087 29 1.1917222342326192
this 24 1.8011589677614572 26 2.0249509735914772 27 1.0704578252855466 29 1.9224233767085297
about 24 1.1816335210409712 26 1.6387517657781068 29 1.0613956951407522
genr 24 0.45711824473713547 26 0.45711824473713547 29 0.45711824473713547
region 24 0.45711824473713547 26 0.45711824473713547 29 0.45711824473713547
u00a0complet 24 0.45711824473713547 26 0.45711824473713547 29 0.45711824473713547
attempt 24 0.45711824473713547 26 0.45711824473713547 29 0.45711824473713547
u00a0quart 24 1.1816335210409712 26 0.45711824473713547 29 0.45711824473713547
distribut 24 0.9142364894742709 26 0.9142364894742709 29 0.7245152763038357
nation 24 0.45711824473713547 26 0.45711824473713547 29 0.45711824473713547
need 24 1.0704578252855466 26 1.0704578252855466 27 1.4614022849518211 29 1.0704578252855466
prototyp 24 1.2942498311155664 26 0.7307011424759106 28 1.1917222342326192 29 1.2942498311155664
competit 24 0.9142364894742709 26 0.7245152763038357 29 0.9142364894742709
polish 24 0.9142364894742709 26 0.9142364894742709 29 0.9142364894742709
otherwis 24 0.45711824473713547 26 0.45711824473713547 29 0.45711824473713547
take 24 0.4610210917567087 26 0.4610210917567087 27 0.4610210917567087 29 0.4610210917567087
proud 24 0.45711824473713547 26 0.45711824473713547 29 0.45711824473713547
publish 24 0.45711824473713547 26 0.45711824473713547 29 0.45711824473713547
market 24 0.45711824473713547 26 0.45711824473713547 29 0.45711824473713547
quarter 24 2.325572084157755 26 1.9061487973448068 29 1.9061487973448068
fall 24 2.095870010515242 26 1.975632184615023 29 1.8284729789485419
refin 24 0.45711824473713547 26 0.45711824473713547 29 0.45711824473713547
fun 24 0.4530952914472827 27 0.4530952914472827
could 24 0.4610210917567087 26 0.4610210917567087 27 0.4610210917567087 29 0.4610210917567087
conceiv 24 0.45711824473713547 26 0.45711824473713547 29 0.45711824473713547
job 24 0.4610210917567087 26 0.4610210917567087 27 0.4610210917567087 29 0.4610210917567087
enter 24 0.45711824473713547 26 0.45711824473713547 29 0.45711824473713547
mean 24 0.45711824473713547 26 0.45711824473713547 29 0.45711824473713547
mechan 24 0.7245152763038357 26 0.7245152763038357 29 0.7245152763038357
place 24 0.4610210917567087 26 0.9220421835134174 27 0.7307011424759106 29 0.7307011424759106
playabl 24 1.2832931543251298 26 1.7404113990622652 29 1.3713547342114063
local 24 0.7245152763038357 26 0.7245152763038357 29 0.7245152763038357
approach 24 0.45711824473713547 26 0.45711824473713547 29 0.45711824473713547
someth 24 0.9220421835134174 26 1.1917222342326192 27 0.4610210917567087 29 0.9220421835134174
entir 24 0.45711824473713547 26 2.1735458289115073 29 0.45711824473713547
u00a0you 24 0.9220421835134174 26 0.9220421835134174 27 0.4610210917567087 29 0.9220421835134174
two 24 0.45711824473713547 26 0.45711824473713547 29 0.45711824473713547
core 24 0.7245152763038357 26 0.7245152763038357 29 0.7245152763038357
featur 24 0.7245152763038357 26 0.7245152763038357 29 0.45711824473713547
portfolio 24 0.45711824473713547 26 0.45711824473713547 29 0.45711824473713547
should 24 1.383063275270126 26 1.383063275270126 27 1.5948709416818447 29 1.383063275270126
end 24 1.0613956951407522 26 1.1816335210409712 29 0.9142364894742709
further 24 0.45711824473713547 26 0.45711824473713547 29 0.45711824473713547
relat 24 1.1816335210409712 26 1.1816335210409712 29 1.0613956951407522
outsid 24 1.0704578252855466 25 0.4610210917567087 26 1.1917222342326192 29 1.0704578252855466
host 24 0.4530952914472827 29 0.4530952914472827
event 24 0.7307011424759106 26 0.7307011424759106 27 0.4610210917567087 29 0.7307011424759106
number 24 0.9142364894742709 26 0.7245152763038357 29 0.7245152763038357
happen 24 1.5314789170422551 26 0.4610210917567087 27 1.0704578252855466 29 0.7307011424759106
make 24 0.9220421835134174 26 1.0704578252855466 27 1.1917222342326192 29 0.9220421835134174
won 24 0.4530952914472827 29 0.4530952914472827
u00a0som 24 0.4530952914472827 29 0.4530952914472827
mandatori 24 1.171234337644549 29 0.4530952914472827
showcas 24 1.581369309299629 26 1.6915385087122363 29 1.581369309299629
area 24 0.7245152763038357 26 0.45711824473713547 29 0.7245152763038357
past 24 0.4530952914472827 29 0.4530952914472827
high 24 1.3713547342114063 26 1.0613956951407522 29 0.7245152763038357
global 24 1.0613956951407522 27 2.1975296437994007 29 1.0613956951407522
jam 24 1.1917222342326192 26 0.7307011424759106 27 2.8536396759173535 29 1.1917222342326192
ggjs 24 0.45711824473713547 26 0.45711824473713547 29 0.45711824473713547
u00a0previ 24 0.45711824473713547 26 0.45711824473713547 29 0.45711824473713547
come 24 1.0704578252855466 26 1.0704578252855466 27 1.0704578252855466 29 0.9220421835134174
put 24 0.45711824473713547 26 0.45711824473713547 29 0.45711824473713547
ll 24 0.4530952914472827 26 0.7181390461972663
chanc 24 0.4610210917567087 26 0.4610210917567087 27 0.7307011424759106 29 0.4610210917567087
u00a0ordinarili 24 0.4530952914472827 29 0.4530952914472827
colleagu 24 0.45711824473713547 26 0.45711824473713547 29 0.45711824473713547
might 24 0.9220421835134174 26 0.7307011424759106 27 0.7307011424759106 29 0.7307011424759106
back 24 0.45711824473713547 26 0.45711824473713547 29 0.45711824473713547
clear 24 0.7245152763038357 26 0.7245152763038357 29 0.7245152763038357
bond 24 0.45711824473713547 26 0.45711824473713547 29 0.45711824473713547
u00a0mor 24 0.4530952914472827 29 0.4530952914472827
allow 24 0.7245152763038357 26 0.7245152763038357 29 0.7245152763038357
date 24 0.9142364894742709 26 0.9142364894742709 29 0.7245152763038357
20 24 1.1816335210409712 26 0.7245152763038357 29 1.4490305526076714
u00a0januari 24 0.45711824473713547 26 0.45711824473713547 29 0.45711824473713547
ggj 24 0.4610210917567087 26 0.4610210917567087 27 1.5314789170422551 29 0.4610210917567087
your 24 2.5464785633672253 26 2.0558920334385533 27 1.2942498311155664 29 2.436681901313204
row 24 0.45711824473713547 26 0.7245152763038357 29 0.45711824473713547
iter 24 0.45711824473713547 26 0.45711824473713547 29 0.45711824473713547
pre 24 0.45711824473713547 26 0.45711824473713547 29 0.45711824473713547
coordin 24 0.45711824473713547 26 0.45711824473713547 29 0.45711824473713547
ask 24 0.7245152763038357 26 0.7245152763038357 29 0.7245152763038357
save 24 0.45711824473713547 26 0.45711824473713547 29 0.45711824473713547
22 24 0.44894460422835875
colleg 24 0.7307011424759106 25 0.4610210917567087 26 0.7307011424759106 29 0.7307011424759106
plan 24 1.0704578252855466 26 0.9220421835134174 27 0.4610210917567087 29 0.7307011424759106
year 24 0.7307011424759106 26 1.0704578252855466 27 0.7307011424759106 29 0.4610210917567087
burner 24 0.45711824473713547 26 0.45711824473713547 29 0.45711824473713547
amaz 24 0.7245152763038357 26 0.45711824473713547 29 0.45711824473713547
want 24 0.7307011424759106 26 1.1917222342326192 27 1.1917222342326192 29 0.7307011424759106
compani 24 0.45711824473713547 26 0.45711824473713547 29 0.45711824473713547
turnout 24 0.45711824473713547 26 0.45711824473713547 29 0.45711824473713547
u00a0thi 24 0.7307011424759106 26 0.4610210917567087 27 0.7307011424759106 29 0.4610210917567087
over 24 0.7307011424759106 26 0.7307011424759106 27 0.4610210917567087 29 0.4610210917567087
now 24 0.7245152763038357 26 0.45711824473713547 29 0.7245152763038357
cobweb 24 0.45711824473713547 26 0.45711824473713547 29 0.45711824473713547
detail 24 0.9142364894742709 26 0.7245152763038357 29 0.7245152763038357
without 24 0.4610210917567087 26 0.4610210917567087 27 0.4610210917567087 29 0.4610210917567087
third 24 0.44894460422835875
had 24 0.45711824473713547 26 0.45711824473713547 29 0.45711824473713547
u00a0capston 24 1.042417089605914
u00a0w 24 0.4648107966956554 26 0.4648107966956554 27 1.2015184793885942 28 1.2015184793885942 29 0.4648107966956554
demo 24 0.45711824473713547 26 0.45711824473713547 29 0.45711824473713547
than 24 0.7181390461972663 29 0.7181390461972663
u00a0pleas 24 0.45711824473713547 26 0.45711824473713547 29 0.45711824473713547
previous 24 0.9142364894742709 26 0.7245152763038357 29 0.45711824473713547
conflict 24 0.4530952914472827 27 0.4530952914472827
up 24 0.4610210917567087 26 0.4610210917567087 27 1.2942498311155664 29 0.4610210917567087
room 24 1.383063275270126 26 1.1917222342326192 27 0.7307011424759106 29 0.4610210917567087
hope 24 0.44894460422835875
know 24 0.9220421835134174 26 0.4610210917567087 28 1.1917222342326192 29 0.4610210917567087
march 24 1.2832931543251298 26 1.4490305526076714 29 1.7404113990622652
6011 24 1.2719992966056537 27 0.4530952914472827
tabl 24 0.45711824473713547 26 0.45711824473713547 29 0.45711824473713547
ivecg 24 0.45711824473713547 26 0.45711824473713547 29 0.45711824473713547
who 24 0.7307011424759106 26 0.9220421835134174 27 1.2942498311155664 29 0.4610210917567087
their 24 1.0704578252855466 26 1.383063275270126 27 1.5314789170422551 29 1.0704578252855466
wednesday 24 1.2832931543251298 26 1.5185139398778875 29 1.0613956951407522
u00a0mentor 24 0.45711824473713547 26 0.45711824473713547 29 0.45711824473713547
u00a0each 24 0.44894460422835875
u00a0i 24 0.7115603626030492
attend 24 1.4490305526076714 26 1.0613956951407522 29 1.3713547342114063
everyon 24 0.7307011424759106 26 0.7307011424759106 27 0.7307011424759106 29 0.7307011424759106
across 24 0.7307011424759106 26 0.4610210917567087 27 0.4610210917567087 29 0.4610210917567087
15th 24 1.2719992966056537 29 1.0520546868726235
rather 24 0.44894460422835875
guest 24 1.2832931543251298 26 0.9142364894742709 29 0.9142364894742709
blizzard 24 1.2603468444116859
u00a0set 24 0.45711824473713547 26 0.45711824473713547 29 0.45711824473713547
has 24 0.9369874701156392 25 0.4684937350578196 26 0.9369874701156392 27 0.7425450018894365 28 1.2110387369472562 29 0.4684937350578196
made 24 0.7307011424759106 26 0.7307011424759106 27 0.4610210917567087 29 0.7307011424759106
u00a0wil 24 0.4610210917567087 26 0.4610210917567087 27 0.4610210917567087 29 0.4610210917567087
done 24 0.7245152763038357 26 0.45711824473713547 29 0.45711824473713547
introduc 24 0.45711824473713547 26 0.45711824473713547 29 0.45711824473713547
do 24 1.2942498311155664 26 1.755270922872275 27 1.0704578252855466 29 1.383063275270126
u00a0to 24 0.4610210917567087 26 0.4610210917567087 27 0.4610210917567087 29 0.4610210917567087
minut 24 0.45711824473713547 26 0.45711824473713547 29 0.45711824473713547
assembl 24 0.45711824473713547 26 0.45711824473713547 29 0.45711824473713547
u00a0someon 24 0.44894460422835875
famili 24 0.45711824473713547 26 0.7245152763038357 29 0.45711824473713547
faculti 24 0.45711824473713547 26 0.7245152763038357 29 0.45711824473713547
free 24 0.7307011424759106 26 0.7307011424759106 27 0.4610210917567087 29 0.4610210917567087
feel 24 0.45711824473713547 26 0.7245152763038357 29 0.45711824473713547
friend 24 0.45711824473713547 26 0.7245152763038357 29 0.45711824473713547
time 24 1.5948709416818447 26 1.0704578252855466 27 0.7307011424759106 29 1.383063275270126
oc 24 1.0520546868726235 29 1.0520546868726235
ieee 24 1.0520546868726235 29 1.0520546868726235
gamesig 24 1.0613956951407522 26 0.45711824473713547 29 1.0613956951407522
our 24 0.736707682692939 26 0.9296215933913108 27 1.5440680443502757 28 1.2015184793885942 29 0.4648107966956554
live 24 0.44894460422835875
counti 24 0.4648107966956554 25 0.4648107966956554 26 0.4648107966956554 27 0.4648107966956554 29 0.4648107966956554
goe 24 0.44894460422835875
annual 24 0.45711824473713547 26 0.45711824473713547 29 0.45711824473713547
quit 24 0.45711824473713547 26 0.45711824473713547 29 0.45711824473713547
u00a0detail 24 0.44894460422835875
forthcom 24 0.44894460422835875
onc 24 0.7245152763038357 26 0.45711824473713547 29 0.45711824473713547
submit 24 0.45711824473713547 26 2.1735458289115073 29 0.45711824473713547
orang 24 0.4648107966956554 25 0.4648107966956554 26 0.4648107966956554 27 0.4648107966956554 29 0.4648107966956554
still 24 0.7181390461972663 29 0.7181390461972663
call 24 0.7115603626030492
indiecad 24 1.160504966831408
realli 24 0.4530952914472827 27 0.4530952914472827
spring 24 0.45711824473713547 26 0.45711824473713547 29 0.45711824473713547
independ 24 0.44894460422835875
backyard 24 0.44894460422835875
best 24 1.0704578252855466 26 0.9220421835134174 27 0.4610210917567087 29 0.7307011424759106
biggest 24 0.4530952914472827 26 0.4530952914472827
right 24 0.9142364894742709 26 0.45711824473713547 29 0.45711824473713547
ambiti 24 0.44894460422835875
origin 24 0.7181390461972663 28 1.171234337644549
venu 24 0.4530952914472827 27 0.4530952914472827
festiv 24 0.44894460422835875
known 24 0.44894460422835875
u00a0submiss 24 0.44894460422835875
lectur 24 1.0613956951407522 26 2.243029216181723 29 0.7245152763038357
meet 24 1.9583841799511224 26 1.2942498311155664 27 0.4610210917567087 29 1.4614022849518211
consult 24 0.4610210917567087 26 0.4610210917567087 27 0.4610210917567087 29 0.4610210917567087
mentor 24 1.7404113990622652 26 1.1816335210409712 29 1.3713547342114063
twice 24 0.44894460422835875
between 24 0.4530952914472827 29 0.4530952914472827
u00a0thursday 24 0.4530952914472827 29 0.4530952914472827
occasion 24 0.45711824473713547 26 0.45711824473713547 29 0.45711824473713547
altern 24 0.45711824473713547 26 0.45711824473713547 29 0.45711824473713547
tuesday 24 1.7250945880529363 29 0.9061905828945654
visit 24 0.7245152763038357 26 0.7245152763038357 29 0.7245152763038357
u00a0everi 24 0.4530952914472827 29 0.4530952914472827
u00a0th 24 0.7307011424759106 26 0.4610210917567087 27 1.0704578252855466 29 0.9220421835134174
along 24 0.7245152763038357 26 0.7245152763038357 29 0.45711824473713547
post 24 0.45711824473713547 26 1.6915385087122363 29 0.9142364894742709
repositori 24 1.383063275270126 26 1.1917222342326192 27 0.4610210917567087 29 1.1917222342326192
github 24 1.1816335210409712 26 1.2832931543251298 29 1.581369309299629
store 24 0.45711824473713547 26 0.7245152763038357 29 0.7245152763038357
privat 24 0.45711824473713547 26 0.45711824473713547 29 0.45711824473713547
account 24 0.45711824473713547 26 0.45711824473713547 29 0.45711824473713547
code 24 0.9220421835134174 26 1.2942498311155664 27 1.0704578252855466 29 1.2942498311155664
an 24 0.9220421835134174 26 2.3834444684652385 27 1.0704578252855466 29 1.383063275270126
public 24 0.45711824473713547 26 0.45711824473713547 28 1.4490305526076714
track 24 0.9142364894742709 26 0.9142364894742709 29 0.7245152763038357
list 24 0.7181390461972663 26 1.2719992966056537
everi 24 0.7307011424759106 26 0.9220421835134174 27 1.1917222342326192 29 0.7307011424759106
asset 24 0.45711824473713547 26 0.7245152763038357 29 0.7245152763038357
familiar 24 0.45711824473713547 26 0.45711824473713547 27 0.45711824473713547
point 24 0.7181390461972663 26 0.7181390461972663
prefer 24 0.44894460422835875
each 24 1.4490305526076714 26 1.6915385087122363 29 1.5185139398778875
cog 24 1.160504966831408
170 24 1.042417089605914
access 24 0.7307011424759106 26 0.7307011424759106 27 1.1917222342326192 29 0.7307011424759106
rule 24 0.44894460422835875
key 24 0.44894460422835875
follow 24 1.0704578252855466 26 1.0704578252855466 27 0.4610210917567087 29 0.9220421835134174
profession 24 0.4610210917567087 26 0.9220421835134174 27 0.4610210917567087 29 0.4610210917567087
help 24 1.0704578252855466 26 1.755270922872275 27 1.0704578252855466 29 1.4614022849518211
folk 24 0.45711824473713547 26 0.7245152763038357 29 0.45711824473713547
wisdom 24 0.45711824473713547 26 0.45711824473713547 29 0.45711824473713547
lot 24 0.4610210917567087 26 0.9220421835134174 27 0.4610210917567087 29 0.9220421835134174
entertain 24 0.4530952914472827 28 1.171234337644549
float 24 0.44894460422835875
experi 24 1.315228193067721 25 0.4684937350578196 26 1.485090003778873 27 0.7425450018894365 28 1.2110387369472562 29 1.315228193067721
commit 24 0.45711824473713547 26 0.45711824473713547 29 0.45711824473713547
offici 24 0.7307011424759106 26 0.9220421835134174 27 1.1917222342326192 29 0.7307011424759106
offer 24 0.45711824473713547 26 0.7245152763038357 29 0.45711824473713547
excit 24 0.4610210917567087 26 0.4610210917567087 27 0.4610210917567087 29 0.4610210917567087
assign 24 1.1816335210409712 26 1.6915385087122363 29 1.2832931543251298
breakdown 24 1.160504966831408
u00a0wint 24 1.042417089605914
worth 24 0.4530952914472827 26 0.9061905828945654
around 24 0.45711824473713547 26 0.7245152763038357 29 0.45711824473713547
overal 24 0.7245152763038357 26 1.0613956951407522 29 0.7245152763038357
minor 24 0.4530952914472827 27 0.4530952914472827
gain 24 0.44894460422835875
addit 24 1.2832931543251298 26 1.0613956951407522 29 1.0613956951407522
u00a0unlik 24 0.44894460422835875
go 24 0.7245152763038357 26 0.45711824473713547 29 0.45711824473713547
lost 24 0.44894460422835875
55 24 0.4530952914472827 26 0.4530952914472827
depend 24 0.44894460422835875
through 24 0.45711824473713547 25 0.45711824473713547 27 0.45711824473713547
index 24 1.581369309299629 26 0.7245152763038357 29 1.5185139398778875
card 24 1.7059807588372935 26 1.0704578252855466 27 0.7307011424759106 29 1.5948709416818447
feedback 24 0.7245152763038357 26 0.7245152763038357 29 0.45711824473713547
true 24 0.7245152763038357 26 0.7245152763038357 29 0.45711824473713547
them 24 0.9142364894742709 26 1.0613956951407522 29 0.7245152763038357
begin 24 0.7307011424759106 26 1.383063275270126 27 0.4610210917567087 29 0.4610210917567087
tri 24 0.7245152763038357 26 0.9142364894742709 29 0.45711824473713547
method 24 0.7245152763038357 26 0.7245152763038357 29 0.45711824473713547
solicit 24 0.7245152763038357 26 0.7245152763038357 29 0.45711824473713547
return 24 0.7245152763038357 26 0.7245152763038357 29 0.45711824473713547
ta 24 0.7245152763038357 26 0.7245152763038357 29 1.1816335210409712
name 24 0.7245152763038357 26 0.7245152763038357 29 0.45711824473713547
report 24 1.5185139398778875 26 0.45711824473713547 29 1.581369309299629
status 24 1.4362780923945326 29 1.505149978319906
did 24 0.9142364894742709 26 0.7245152763038357 29 0.45711824473713547
actual 24 0.7307011424759106 26 0.7307011424759106 27 0.4610210917567087 29 0.4610210917567087
doc 24 0.7115603626030492
brief 24 0.7245152763038357 26 0.7245152763038357 29 0.45711824473713547
googl 24 0.7245152763038357 26 0.9142364894742709 29 1.2832931543251298
befor 24 1.383063275270126 26 2.192103427427732 27 0.4610210917567087 29 1.1917222342326192
statement 24 0.7245152763038357 26 0.7245152763038357 29 0.45711824473713547
add 24 0.7245152763038357 26 1.0613956951407522 29 0.45711824473713547
individu 24 1.1816335210409712 26 0.45711824473713547 29 0.45711824473713547
qualiti 24 1.171234337644549 26 0.4530952914472827
u00a080 24 1.042417089605914
mani 24 0.45711824473713547 26 1.1816335210409712 27 0.45711824473713547
probabl 24 0.4530952914472827 26 0.4530952914472827
gameplay 24 1.0613956951407522 26 1.0613956951407522 29 1.0613956951407522
narrat 24 1.0704578252855466 25 0.4610210917567087 26 1.1917222342326192 29 1.0704578252855466
mood 24 1.0613956951407522 26 1.0613956951407522 29 1.0613956951407522
concept 24 1.0704578252855466 26 1.0704578252855466 27 0.4610210917567087 29 1.0704578252855466
aesthet 24 1.0613956951407522 26 1.0613956951407522 29 1.0613956951407522
audio 24 1.0613956951407522 26 1.0613956951407522 29 1.0613956951407522
user 24 1.0613956951407522 26 1.0613956951407522 29 1.0613956951407522
scaffold 24 1.042417089605914
bookmark 24 1.0613956951407522 26 1.0613956951407522 29 1.0613956951407522
accomplish 24 1.0613956951407522 26 1.0613956951407522 29 1.0613956951407522
depth 24 1.0613956951407522 26 1.0613956951407522 29 1.0613956951407522
breadth 24 1.0613956951407522 26 1.0613956951407522 29 1.0613956951407522
part 24 0.4610210917567087 26 0.7307011424759106 27 0.4610210917567087 29 0.7307011424759106
reserv 24 0.45711824473713547 26 0.45711824473713547 29 0.45711824473713547
same 24 0.45711824473713547 26 0.45711824473713547 29 0.45711824473713547
howev 24 0.4610210917567087 26 1.0704578252855466 27 0.4610210917567087 29 0.7307011424759106
peer 24 0.45711824473713547 26 0.45711824473713547 29 0.45711824473713547
except 24 0.45711824473713547 26 0.45711824473713547 29 0.45711824473713547
either 24 0.9220421835134174 26 0.4610210917567087 27 0.4610210917567087 29 0.4610210917567087
compar 24 0.45711824473713547 26 0.45711824473713547 29 0.45711824473713547
becom 24 0.45711824473713547 26 0.45711824473713547 29 0.45711824473713547
poor 24 0.45711824473713547 26 0.45711824473713547 29 0.45711824473713547
near 24 0.44894460422835875
get 24 0.9220421835134174 26 0.9220421835134174 27 0.9220421835134174 29 0.7307011424759106
motion 24 0.7115603626030492
john 24 0.7115603626030492
closer 24 0.44894460422835875
one 24 0.9220421835134174 26 0.7307011424759106 27 0.4610210917567087 29 0.7307011424759106
crawford 24 0.7115603626030492
sometim 24 0.4530952914472827 26 0.4530952914472827
least 24 0.7307011424759106 26 0.7307011424759106 27 0.4610210917567087 29 0.7307011424759106
trip 24 0.44894460422835875
expect 24 0.44894460422835875
captur 24 0.9142364894742709 26 0.45711824473713547 29 0.45711824473713547
studio 24 0.7115603626030492
sever 24 0.7245152763038357 26 0.45711824473713547 29 0.45711824473713547
campus 24 0.7307011424759106 26 0.4610210917567087 27 0.4610210917567087 29 0.4610210917567087
more 24 1.0704578252855466 26 1.0704578252855466 27 0.7307011424759106 29 0.7307011424759106
thursday 24 1.4231207252060984
17 24 0.44894460422835875
01 24 1.160504966831408
reassign 24 0.44894460422835875
19 24 0.4530952914472827 26 1.8123811657891309
tbd 24 0.44894460422835875
24 24 0.4530952914472827 27 0.4530952914472827
rotat 24 1.160504966831408
playtest 24 1.171234337644549 27 0.4530952914472827
26 24 0.45711824473713547 27 0.45711824473713547 29 0.45711824473713547
31 24 0.44894460422835875
02 24 1.4231207252060984
flanagan 24 0.44894460422835875
danni 24 0.44894460422835875
specialist 24 0.44894460422835875
u00a0univers 24 0.44894460422835875
term 24 0.44894460422835875
mid 24 0.44894460422835875
town 24 0.4530952914472827 26 0.4530952914472827
cancel 24 0.44894460422835875
josh 24 0.44894460422835875
14 24 0.7115603626030492
16 24 0.7181390461972663 26 0.4530952914472827
tissu 24 0.44894460422835875
test 24 0.7245152763038357 26 0.45711824473713547 29 0.45711824473713547
21 24 0.44894460422835875
23 24 0.4530952914472827 26 0.4530952914472827
28 24 0.45711824473713547 27 0.45711824473713547 29 0.45711824473713547
03 24 1.160504966831408
interview 24 0.44894460422835875
mock 24 0.44894460422835875
tour 24 0.44894460422835875
prep 24 0.44894460422835875
dbh 24 1.160504966831408
honesti 24 1.1816335210409712 26 0.45711824473713547 29 1.1816335210409712
u00a0for 24 0.45711824473713547 26 0.45711824473713547 29 0.45711824473713547
resid 24 0.45711824473713547 26 0.45711824473713547 29 0.45711824473713547
handbook 24 0.45711824473713547 26 0.45711824473713547 29 0.45711824473713547
regard 24 0.45711824473713547 26 0.45711824473713547 29 0.45711824473713547
http 24 0.7115603626030492
heed 24 0.45711824473713547 26 0.45711824473713547 29 0.45711824473713547
penalti 24 0.45711824473713547 26 0.45711824473713547 29 0.45711824473713547
flagrant 24 0.45711824473713547 26 0.45711824473713547 29 0.45711824473713547
case 24 0.7307011424759106 26 0.7307011424759106 28 1.1917222342326192 29 0.7307011424759106
notabl 24 0.45711824473713547 26 0.45711824473713547 29 0.45711824473713547
associ 24 0.4610210917567087 26 0.4610210917567087 28 1.8844065815882098 29 0.4610210917567087
dean 24 0.45711824473713547 26 0.45711824473713547 29 0.45711824473713547
fail 24 0.45711824473713547 26 0.45711824473713547 29 0.45711824473713547
particular 24 0.45711824473713547 26 0.45711824473713547 29 0.45711824473713547
minimum 24 0.45711824473713547 26 0.45711824473713547 29 0.45711824473713547
punish 24 0.45711824473713547 26 0.45711824473713547 29 0.45711824473713547
prepar 24 0.7115603626030492
recal 24 0.44894460422835875
must 24 0.7115603626030492
heard 24 0.44894460422835875
anyth 24 0.7307011424759106 26 0.4610210917567087 27 1.1917222342326192 29 0.4610210917567087
document 24 0.4610210917567087 26 0.9220421835134174 27 1.1917222342326192 29 0.4610210917567087
u00a0at 24 0.44894460422835875
against 24 0.44894460422835875
guard 24 0.45711824473713547 26 0.45711824473713547 29 0.45711824473713547
conscious 24 0.44894460422835875
quot 24 0.44894460422835875
paraphras 24 0.44894460422835875
let 24 0.7245152763038357 26 0.45711824473713547 29 0.45711824473713547
els 24 0.44894460422835875
summar 24 0.44894460422835875
word 24 0.7115603626030492
general 24 0.45711824473713547 26 0.45711824473713547 29 0.45711824473713547
reader 24 0.44894460422835875
person 24 0.9142364894742709 26 0.45711824473713547 29 0.7245152763038357
someon 24 0.44894460422835875
gillianhay 24 0.44894460422835875
success 24 0.7181390461972663 29 0.4530952914472827
borrow 24 0.44894460422835875
exampl 24 0.4530952914472827 26 0.4530952914472827
written 24 0.44894460422835875
hay 24 0.44894460422835875
integr 24 0.9061905828945654 26 0.4530952914472827
gillian 24 0.44894460422835875
modif 24 0.44894460422835875
been 24 0.4610210917567087 25 0.4610210917567087 26 0.4610210917567087 27 0.4610210917567087
initi 24 0.45711824473713547 26 1.1816335210409712 27 0.45711824473713547
although 24 0.45711824473713547 26 0.45711824473713547 27 0.45711824473713547
was 24 0.44894460422835875
inf242w13 24 0.44894460422835875
disclaim 24 0.44894460422835875
own 24 0.4530952914472827 26 0.4530952914472827
utc 24 0.44894460422835875
242 24 0.44894460422835875
advis 24 0.44894460422835875
materi 24 0.45711824473713547 26 1.3713547342114063 29 0.9142364894742709
version 24 0.4530952914472827 29 1.0520546868726235
u201cgener 24 0.44894460422835875
my 24 0.7181390461972663 29 0.4530952914472827
slight 24 0.4530952914472827 26 0.4530952914472827
2013 24 0.44894460422835875
text 24 0.44894460422835875
www 24 0.44894460422835875
smooth 24 0.44894460422835875
program 24 0.45711824473713547 26 0.45711824473713547 27 0.45711824473713547
etc 24 0.9220421835134174 26 0.4610210917567087 28 1.1917222342326192 29 0.7307011424759106
invest 24 0.7115603626030492
easi 24 0.4530952914472827 26 0.7181390461972663
strong 24 0.45711824473713547 26 0.45711824473713547 27 0.45711824473713547
process 24 0.44894460422835875
format 24 0.44894460422835875
u00a0would 24 0.44894460422835875
veri 24 0.45711824473713547 26 0.45711824473713547 27 0.7245152763038357
dl 24 0.44894460422835875
u00a0it 24 0.7115603626030492
undertak 24 0.44894460422835875
workflow 24 0.44894460422835875
good 24 0.4530952914472827 27 0.7181390461972663
thousand 24 0.44894460422835875
cite 24 0.44894460422835875
citat 24 0.44894460422835875
turn 24 0.44894460422835875
differ 24 0.44894460422835875
reward 24 0.44894460422835875
adopt 24 0.4530952914472827 28 1.171234337644549
habit 24 0.44894460422835875
great 24 0.4530952914472827 27 0.4530952914472827
acm 24 0.44894460422835875
intent 24 0.44894460422835875
sourc 24 0.4610210917567087 26 1.383063275270126 27 0.4610210917567087 29 1.383063275270126
writer 24 0.4530952914472827 27 0.4530952914472827
jstor 24 0.44894460422835875
singl 24 0.44894460422835875
heavili 24 0.44894460422835875
librari 24 0.44894460422835875
instal 24 0.4530952914472827 27 0.4530952914472827
isn 24 0.4530952914472827 27 0.7181390461972663
oftentim 24 0.44894460422835875
springer 24 0.44894460422835875
mention 24 0.44894460422835875
both 24 0.4530952914472827 26 0.4530952914472827
burden 24 0.44894460422835875
support 24 0.4530952914472827 26 0.4530952914472827
alreadi 24 0.45711824473713547 26 0.7245152763038357 29 0.7245152763038357
alon 24 0.44894460422835875
overhead 24 0.44894460422835875
becaus 24 0.44894460422835875
scraper 24 0.44894460422835875
browser 24 0.44894460422835875
stand 24 0.44894460422835875
u00a0unless 24 0.44894460422835875
u2019t 24 0.7245152763038357 27 0.9142364894742709 29 0.45711824473713547
plug 24 0.44894460422835875
libguid 24 0.44894460422835875
583269 24 0.44894460422835875
lib 24 0.44894460422835875
pid 24 0.44894460422835875
sid 24 0.44894460422835875
19606 24 0.44894460422835875
php 24 0.44894460422835875
special 24 1.1917222342326192 26 0.9220421835134174 27 1.1917222342326192 29 1.1917222342326192
disclos 24 0.45711824473713547 26 0.45711824473713547 29 0.45711824473713547
u00a0onlin 24 0.45711824473713547 26 0.45711824473713547 29 0.45711824473713547
physic 24 0.7307011424759106 26 0.4610210917567087 28 1.1917222342326192 29 0.7307011424759106
reason 24 0.9220421835134174 26 0.9220421835134174 27 0.4610210917567087 29 0.9220421835134174
vision 24 0.45711824473713547 26 0.45711824473713547 29 0.45711824473713547
uncomfort 24 0.45711824473713547 26 0.45711824473713547 29 0.45711824473713547
situat 24 0.45711824473713547 26 0.45711824473713547 29 0.45711824473713547
too 24 0.45711824473713547 26 0.45711824473713547 29 0.45711824473713547
servic 24 0.7245152763038357 26 0.45711824473713547 29 0.7245152763038357
discuss 24 0.7245152763038357 26 0.7245152763038357 29 0.7245152763038357
learn 24 0.4610210917567087 26 1.383063275270126 27 0.7307011424759106 29 0.4610210917567087
hear 24 0.45711824473713547 26 0.45711824473713547 29 0.45711824473713547
me 24 0.7181390461972663 29 0.7181390461972663
surround 24 0.45711824473713547 26 0.45711824473713547 29 0.45711824473713547
u00a0befor 24 0.45711824473713547 26 0.7245152763038357 29 0.7245152763038357
given 24 0.45711824473713547 26 0.45711824473713547 29 0.45711824473713547
5130 24 0.45711824473713547 26 0.45711824473713547 29 0.45711824473713547
think 24 0.4610210917567087 26 0.4610210917567087 27 0.4610210917567087 29 0.4610210917567087
adjust 24 0.45711824473713547 26 0.45711824473713547 29 0.45711824473713547
92697 24 0.45711824473713547 26 0.45711824473713547 29 0.45711824473713547
arrang 24 0.45711824473713547 26 0.45711824473713547 29 0.45711824473713547
100 24 0.45711824473713547 26 0.45711824473713547 29 0.45711824473713547
difficulti 24 0.7245152763038357 26 0.45711824473713547 29 0.7245152763038357
far 24 0.45711824473713547 26 0.45711824473713547 29 0.45711824473713547
u00a0or 24 0.45711824473713547 26 0.45711824473713547 29 0.45711824473713547
behind 24 0.45711824473713547 26 0.45711824473713547 29 0.45711824473713547
psychiatr 24 0.45711824473713547 26 0.45711824473713547 29 0.45711824473713547
ca 24 0.45711824473713547 26 0.9142364894742709 29 0.45711824473713547
disabl 24 0.45711824473713547 26 0.45711824473713547 29 0.45711824473713547
313 24 0.45711824473713547 26 0.45711824473713547 29 0.45711824473713547
issu 24 0.7245152763038357 26 0.9142364894742709 29 0.7245152763038357
u201cwhi 24 0.4530952914472827 29 0.4530952914472827
find 24 0.7307011424759106 26 0.4610210917567087 27 0.7307011424759106 29 0.7307011424759106
avail 24 0.45711824473713547 26 0.45711824473713547 29 0.7245152763038357
am 24 0.4530952914472827 29 0.4530952914472827
were 24 0.45711824473713547 27 0.45711824473713547 29 0.45711824473713547
first 24 0.45711824473713547 26 1.2832931543251298 29 0.45711824473713547
alway 24 0.45711824473713547 26 0.45711824473713547 29 0.45711824473713547
explain 24 0.4530952914472827 29 0.4530952914472827
problem 24 0.9142364894742709 26 1.4490305526076714 29 1.0613956951407522
troubl 24 0.45711824473713547 26 0.45711824473713547 29 0.45711824473713547
couldn 24 0.4530952914472827 29 0.4530952914472827
just 24 0.4610210917567087 26 0.4610210917567087 27 0.7307011424759106 29 0.4610210917567087
hospit 24 0.4530952914472827 29 0.4530952914472827
usual 24 0.4610210917567087 26 0.9220421835134174 27 0.4610210917567087 29 0.7307011424759106
legitim 24 0.45711824473713547 26 0.45711824473713547 29 0.45711824473713547
earli 24 0.4530952914472827 29 0.4530952914472827
impact 24 0.4530952914472827 29 0.7181390461972663
progress 24 0.7307011424759106 26 0.9220421835134174 27 1.0704578252855466 29 0.9220421835134174
better 24 0.4610210917567087 26 0.4610210917567087 28 1.1917222342326192 29 0.4610210917567087
likewis 24 0.4530952914472827 29 0.7181390461972663
indecis 24 0.4530952914472827 29 0.4530952914472827
seek 24 0.45711824473713547 26 0.45711824473713547 29 0.45711824473713547
mental 24 0.4610210917567087 26 0.7307011424759106 27 0.4610210917567087 29 0.4610210917567087
advanc 24 0.4530952914472827 29 0.4530952914472827
health 24 0.4610210917567087 26 0.7307011424759106 27 0.4610210917567087 29 0.4610210917567087
studi 24 0.45711824473713547 25 0.7245152763038357 29 0.45711824473713547
caus 24 0.4530952914472827 29 0.4530952914472827
harm 24 0.4530952914472827 29 0.4530952914472827
u00a0can 24 0.45711824473713547 27 1.4490305526076714 29 0.45711824473713547
effect 24 0.4530952914472827 29 0.4530952914472827
advers 24 0.7181390461972663 29 0.7181390461972663
purs 24 0.4530952914472827 29 0.4530952914472827
trial 24 0.4530952914472827 29 0.4530952914472827
career 24 0.4530952914472827 29 0.4530952914472827
degre 24 0.4530952914472827 29 0.4530952914472827
often 24 0.4530952914472827 29 0.4530952914472827
serious 24 0.4530952914472827 29 0.4530952914472827
old 24 1.0613956951407522 26 1.0613956951407522 27 0.45711824473713547
info 24 1.0613956951407522 26 1.785910971444588 29 1.0613956951407522
determin 24 0.45711824473713547 26 1.3713547342114063 29 1.2832931543251298
169a 24 0.45711824473713547 26 0.7245152763038357 29 0.45711824473713547
169b 24 0.45711824473713547 26 0.7245152763038357 29 0.45711824473713547
unoffici 24 0.45711824473713547 26 0.7245152763038357 29 0.45711824473713547
ip 24 0.4610210917567087 26 0.7307011424759106 27 0.4610210917567087 29 0.4610210917567087
tentat 24 0.7245152763038357 26 0.45711824473713547 29 0.45711824473713547
45 24 0.45711824473713547 26 0.45711824473713547 29 0.45711824473713547
weight 24 0.45711824473713547 26 0.45711824473713547 29 0.9142364894742709
state 24 0.45711824473713547 26 0.7245152763038357 29 0.45711824473713547
resolv 24 0.45711824473713547 26 0.45711824473713547 29 0.45711824473713547
40 24 1.042417089605914
30 24 1.0520546868726235 26 0.4530952914472827
second 24 0.45711824473713547 26 1.2832931543251298 29 0.45711824473713547
due 24 1.0613956951407522 26 2.3058845856034647 29 0.45711824473713547
sheet 24 1.042417089605914
thanksgiv 24 1.042417089605914
6pm 24 1.042417089605914
4pm 24 1.042417089605914
color 24 0.44894460422835875
u00a0ther 24 0.44894460422835875
throughout 24 0.4530952914472827 26 0.4530952914472827
respons 24 0.44894460422835875
note 24 0.44894460422835875
chang 24 0.4610210917567087 26 0.4610210917567087 28 1.1917222342326192 29 0.4610210917567087
attent 24 0.44894460422835875
bryan 25 1.9403062980626316
jeffrey 25 1.9719072070147352
phd 25 0.44894460422835875
research 25 0.44894460422835875
late 25 0.44894460422835875
phenomenolog 25 0.44894460422835875
prior 25 0.44894460422835875
ms 25 0.44894460422835875
teacher 25 0.44894460422835875
stori 25 0.4530952914472827 26 0.4530952914472827
georgia 25 0.44894460422835875
southern 25 0.44894460422835875
ba 25 0.44894460422835875
player 25 0.4530952914472827 27 0.4530952914472827
educ 25 0.44894460422835875
karaok 25 0.44894460422835875
u00a0on 25 0.44894460422835875
utah 25 0.44894460422835875
tech 25 0.44894460422835875
dynam 25 0.44894460422835875
english 25 0.44894460422835875
ludonarratolog 25 0.44894460422835875
homepag 25 1.042417089605914
capstone18 26 0.44894460422835875
2018 26 1.8284729789485419 27 2.1486567534493717 29 1.8284729789485419
mpufal 26 1.0520546868726235 29 1.0520546868726235
pufal 26 1.0520546868726235 29 1.0520546868726235
nmarcel 26 1.042417089605914
timewednesday 26 1.042417089605914
50pm 26 1.0520546868726235 29 1.0520546868726235
locationanteat 26 1.042417089605914
1700 26 1.160504966831408
pavilion 26 1.160504966831408
u201cfeatur 26 0.4530952914472827 29 0.4530952914472827
u201cfun 26 0.4530952914472827 29 0.4530952914472827
u201ccont 26 0.4530952914472827 29 0.4530952914472827
novemb 26 1.171234337644549 29 1.99013834280292
26th 26 0.4530952914472827 27 0.4530952914472827
monday 26 0.44894460422835875
analog 26 0.44894460422835875
arlington 26 0.7115603626030492
gym 26 0.44894460422835875
30pm 26 0.44894460422835875
30am 26 0.44894460422835875
riversid 26 0.44894460422835875
rsvp 26 0.44894460422835875
k12 26 0.44894460422835875
wjeffri 26 0.44894460422835875
rusd 26 0.44894460422835875
25 26 0.44894460422835875
ordinarili 26 0.44894460422835875
2019 26 0.44894460422835875
u2019ll 26 0.4530952914472827 29 0.4530952914472827
fifth 26 0.44894460422835875
27 26 0.7115603626030492
u201ccapston 26 0.4530952914472827 29 0.4530952914472827
last 26 0.44894460422835875
submiss 26 1.171234337644549 29 0.7181390461972663
tcours 26 1.4231207252060984
three 26 0.7245152763038357 27 0.45711824473713547 29 0.45711824473713547
tmentor 26 1.042417089605914
u201cfloat 26 0.4530952914472827 29 0.4530952914472827
ve 26 0.44894460422835875
nthe 26 0.44894460422835875
titch 26 1.042417089605914
io 26 1.99013834280292 29 1.171234337644549
abl 26 0.7245152763038357 27 0.45711824473713547 29 0.45711824473713547
itch 26 1.8520101673362608 29 1.171234337644549
tgoogl 26 1.042417089605914
drive 26 1.1917222342326192 27 0.4610210917567087 28 1.1917222342326192 29 1.1917222342326192
exclud 26 0.4530952914472827 29 0.4530952914472827
generat 26 0.4530952914472827 29 0.4530952914472827
keep 26 1.2719992966056537 29 1.171234337644549
folder 26 1.171234337644549 29 1.171234337644549
tgithub 26 1.042417089605914
file 26 0.4530952914472827 29 0.4530952914472827
setup 26 0.4530952914472827 29 0.4530952914472827
u201ctent 26 0.7181390461972663 29 0.4530952914472827
main 26 0.45711824473713547 27 0.45711824473713547 29 0.45711824473713547
base 26 0.4530952914472827 29 0.4530952914472827
letter 26 0.4530952914472827 29 0.4530952914472827
factor 26 0.4530952914472827 29 0.4530952914472827
u201cscaffold 26 1.0520546868726235 29 1.0520546868726235
tweek 26 3.0143242966206496
januari 26 1.0613956951407522 27 0.45711824473713547 29 1.8684538394206198
slide 26 2.180964355206436
februari 26 1.0520546868726235 29 1.8520101673362608
13 26 0.7115603626030492
tvideo 26 1.042417089605914
tslide 26 1.042417089605914
linden 26 1.042417089605914
tfinal 26 1.6612924447317519
interest 26 0.7181390461972663 27 1.171234337644549
hold 26 0.44894460422835875
alp 26 0.44894460422835875
night 26 2.0020377631125506
overview 26 0.44894460422835875
confer 26 0.44894460422835875
59pm 26 1.160504966831408
20th 26 1.160504966831408
excel 26 1.171234337644549 29 1.171234337644549
moder 26 0.4530952914472827 29 0.4530952914472827
pitfal 26 0.4530952914472827 29 0.4530952914472827
extrem 26 0.4530952914472827 29 0.4530952914472827
disciplin 26 0.4530952914472827 29 0.4530952914472827
plenti 26 0.45711824473713547 27 0.45711824473713547 29 0.45711824473713547
licens 26 0.4530952914472827 29 0.4530952914472827
intellectu 26 0.45711824473713547 27 0.45711824473713547 29 0.45711824473713547
violat 26 0.4530952914472827 29 0.4530952914472827
solv 26 0.7181390461972663 29 0.7181390461972663
parti 26 0.4530952914472827 29 0.4530952914472827
natur 26 0.4530952914472827 29 0.4530952914472827
agreement 26 0.4530952914472827 29 0.4530952914472827
sprite 26 0.4530952914472827 29 0.4530952914472827
copyright 26 0.7245152763038357 27 0.45711824473713547 29 0.7245152763038357
maintain 26 0.4530952914472827 29 0.4530952914472827
3rd 26 0.7181390461972663 29 0.4530952914472827
anim 26 0.4530952914472827 29 0.4530952914472827
record 26 0.45711824473713547 27 0.45711824473713547 29 0.45711824473713547
confid 26 0.4530952914472827 29 0.4530952914472827
properti 26 0.45711824473713547 27 0.45711824473713547 29 0.45711824473713547
infring 26 0.4530952914472827 29 0.4530952914472827
comfort 26 0.4530952914472827 29 0.4530952914472827
opportun 26 0.4530952914472827 29 0.4530952914472827
u00a0howev 26 0.4530952914472827 29 0.4530952914472827
pack 26 0.4530952914472827 29 0.4530952914472827
u00a0requir 26 0.4530952914472827 29 0.4530952914472827
u00a0a 26 0.7181390461972663 29 0.4530952914472827
u00a0that 26 0.4530952914472827 29 0.4530952914472827
emot 26 0.8978892084567175
especi 26 0.44894460422835875
such 26 0.7115603626030492
experienc 26 0.44894460422835875
transit 26 0.44894460422835875
anxieti 26 0.44894460422835875
distress 26 0.7115603626030492
challeng 26 0.7115603626030492
period 26 0.7115603626030492
common 26 0.44894460422835875
difficult 26 0.44894460422835875
interfer 26 0.44894460422835875
depress 26 0.44894460422835875
stress 26 0.44894460422835875
grant 26 0.44894460422835875
therefor 26 0.44894460422835875
sympath 26 0.44894460422835875
deadlin 26 0.7115603626030492
relev 26 0.7115603626030492
privaci 26 0.44894460422835875
unless 26 0.44894460422835875
face 26 0.44894460422835875
crisi 26 0.44894460422835875
while 26 0.44894460422835875
sought 26 0.44894460422835875
how 26 0.45711824473713547 27 1.0613956951407522 28 1.1816335210409712
onli 26 0.44894460422835875
drop 26 0.44894460422835875
immedi 26 0.44894460422835875
consider 26 0.44894460422835875
affect 26 0.44894460422835875
ongo 26 0.44894460422835875
concern 26 0.44894460422835875
withdraw 26 0.44894460422835875
whose 26 0.44894460422835875
suffer 26 0.44894460422835875
ruberg 26 0.44894460422835875
adapt 26 0.44894460422835875
bonni 26 0.44894460422835875
ics60 26 0.44894460422835875
bo 26 0.44894460422835875
tip 26 1.042417089605914
trick 26 1.042417089605914
those 26 0.44894460422835875
whole 26 0.44894460422835875
outnumb 26 0.44894460422835875
artist 26 0.4530952914472827 27 0.4530952914472827
programm 26 0.7181390461972663 27 1.2719992966056537
visual 26 0.44894460422835875
realiti 26 0.4530952914472827 28 1.505149978319906
train 26 0.44894460422835875
task 26 0.44894460422835875
move 26 0.44894460422835875
forward 26 0.44894460422835875
communic 26 1.2719992966056537 28 1.171234337644549
engin 26 0.8978892084567175
perhap 26 0.7115603626030492
yes 26 0.44894460422835875
consid 26 0.7115603626030492
advantag 26 0.44894460422835875
uniti 26 0.7115603626030492
perform 26 0.44894460422835875
complex 26 0.7181390461972663 27 0.4530952914472827
edg 26 0.44894460422835875
debat 26 0.44894460422835875
larg 26 0.44894460422835875
non 26 0.44894460422835875
graphic 26 0.44894460422835875
unreal 26 0.44894460422835875
blueprint 26 0.44894460422835875
competitor 26 0.44894460422835875
cryengin 26 0.44894460422835875
yet 26 0.44894460422835875
prime 26 0.44894460422835875
amazon 26 0.44894460422835875
lumberyard 26 0.44894460422835875
twitch 26 0.44894460422835875
top 26 0.4530952914472827 27 0.7181390461972663
readi 26 0.44894460422835875
front 26 0.44894460422835875
newcom 26 0.44894460422835875
built 26 0.44894460422835875
kind 26 0.4530952914472827 27 1.171234337644549
certain 26 0.44894460422835875
tool 26 0.45711824473713547 27 0.45711824473713547 28 1.1816335210409712
profound 26 0.44894460422835875
sibl 26 0.44894460422835875
write 26 0.44894460422835875
heavyweight 26 0.44894460422835875
less 26 0.4530952914472827 29 0.4530952914472827
editor 26 0.44894460422835875
curv 26 0.44894460422835875
interact 26 0.44894460422835875
u00a0ar 26 0.44894460422835875
hypertext 26 0.44894460422835875
centric 26 0.44894460422835875
steep 26 0.44894460422835875
babi 26 0.44894460422835875
dream 26 0.44894460422835875
ideal 26 0.44894460422835875
twine 26 0.44894460422835875
fiction 26 0.44894460422835875
fulli 26 0.44894460422835875
soon 26 0.44894460422835875
tini 26 0.44894460422835875
ad 26 0.44894460422835875
tutori 26 0.44894460422835875
look 26 0.4530952914472827 28 1.5674521774884114
slice 26 0.44894460422835875
busi 26 1.042417089605914
anteat 26 0.4530952914472827 27 0.4530952914472827
extra 26 0.7115603626030492
survey 26 1.4913616938342726
fill 26 0.44894460422835875
credit 26 0.7115603626030492
ttake 26 1.042417089605914
tmore 26 1.042417089605914
obsolet 26 1.042417089605914
octob 26 1.171234337644549 29 1.8520101673362608
10th 26 0.4530952914472827 29 1.0520546868726235
mail 26 2.1102370489601108
via 26 2.1102370489601108
17th 26 0.4530952914472827 29 1.0520546868726235
brainstorm 26 1.171234337644549 27 0.4530952914472827
link 26 1.160504966831408
coven 26 1.160504966831408
24th 26 0.4530952914472827 29 1.0520546868726235
nhalloween 26 0.44894460422835875
halloween 26 0.44894460422835875
elsa 26 0.44894460422835875
instruct 26 0.44894460422835875
dress 26 0.44894460422835875
judg 26 0.44894460422835875
anyon 26 0.44894460422835875
prize 26 0.4530952914472827 27 1.505149978319906
7th 26 0.4530952914472827 29 1.4362780923945326
blocker 26 1.160504966831408
14th 26 0.4530952914472827 29 1.505149978319906
21st 26 0.4530952914472827 29 1.4362780923945326
28th 26 0.4530952914472827 29 1.0520546868726235
decemb 26 0.7181390461972663 29 1.4362780923945326
5th 26 0.44894460422835875
12th 26 0.44894460422835875
igda 27 0.44894460422835875
club 27 0.44894460422835875
illumin 27 0.44894460422835875
video 27 0.44894460422835875
partner 27 0.44894460422835875
ithriv 27 2.030828732064476
u00a0inform 27 1.042417089605914
jammer 27 1.8720653294344571
registr 27 1.160504966831408
park 27 1.2603468444116859
arriv 27 1.346833812685076
keynot 27 1.2603468444116859
overnight 27 1.042417089605914
snack 27 1.042417089605914
meal 27 1.042417089605914
internet 27 1.042417089605914
age 27 1.160504966831408
verano 27 0.44894460422835875
rec 27 0.44894460422835875
3300 27 0.44894460422835875
south 27 0.44894460422835875
enhanc 27 0.44894460422835875
neurosci 27 0.44894460422835875
teen 27 0.7115603626030492
field 27 0.44894460422835875
co 27 0.44894460422835875
mindset 27 0.44894460422835875
thrive 27 0.44894460422835875
development 27 0.44894460422835875
emphas 27 0.44894460422835875
psycholog 27 0.44894460422835875
intellig 27 0.44894460422835875
disord 27 0.44894460422835875
facilit 27 0.44894460422835875
creation 27 0.44894460422835875
meaning 27 0.7115603626030492
skill 27 0.8978892084567175
priorit 27 0.44894460422835875
expert 27 0.7115603626030492
among 27 0.44894460422835875
artifici 27 0.44894460422835875
voic 27 0.44894460422835875
continuum 27 0.44894460422835875
exist 27 0.7115603626030492
diversifi 27 1.6094495710597667
guid 27 1.160504966831408
sponsor 27 0.44894460422835875
elig 27 0.44894460422835875
generous 27 0.44894460422835875
compet 27 1.042417089605914
wish 27 1.160504966831408
matter 27 0.44894460422835875
death_bow 27 1.160504966831408
tweet 27 1.160504966831408
faq 27 1.042417089605914
48 27 0.44894460422835875
00 27 0.44894460422835875
start 27 0.44894460422835875
run 27 0.44894460422835875
pm 27 0.44894460422835875
hall 27 0.44894460422835875
tsaasan 27 0.44894460422835875
potenti 27 0.44894460422835875
wild 27 0.44894460422835875
18 27 0.44894460422835875
broader 27 0.44894460422835875
page 27 0.44894460422835875
nearbi 27 0.44894460422835875
spare 27 0.44894460422835875
cost 27 1.042417089605914
doe 27 1.0520546868726235 28 1.171234337644549
rideshar 27 0.44894460422835875
carpool 27 0.44894460422835875
nope 27 0.44894460422835875
onto 27 0.44894460422835875
car 27 0.44894460422835875
pay 27 0.44894460422835875
nearest 27 0.44894460422835875
globalgamejam 27 1.160504966831408
sign 27 1.160504966831408
though 27 1.160504966831408
org 27 1.160504966831408
u00a0peopl 27 1.042417089605914
succeed 27 0.44894460422835875
yourself 27 0.44894460422835875
connect 27 0.44894460422835875
central 27 0.44894460422835875
gjj 27 0.44894460422835875
match 27 0.44894460422835875
rememb 27 0.44894460422835875
environ 27 0.4530952914472827 28 1.171234337644549
stretch 27 0.44894460422835875
talent 27 0.44894460422835875
broad 27 0.8978892084567175
sens 27 0.44894460422835875
gamer 27 0.44894460422835875
rang 27 0.7115603626030492
circumst 27 0.44894460422835875
teambuild 27 0.44894460422835875
risk 27 0.44894460422835875
peopl 27 0.8978892084567175
under 27 0.44894460422835875
musician 27 0.44894460422835875
u00a0think 27 0.44894460422835875
don 27 0.7115603626030492
discourag 27 0.7115603626030492
balanc 27 0.44894460422835875
u2019m 27 1.042417089605914
pen 27 0.44894460422835875
u00a0ch 27 0.44894460422835875
u2019v 27 0.44894460422835875
u00a0everyon 27 0.44894460422835875
abil 27 0.44894460422835875
way 27 0.7115603626030492
none 27 0.44894460422835875
until 27 0.44894460422835875
weekend 27 0.7115603626030492
reveal 27 0.44894460422835875
spirit 27 0.44894460422835875
inspir 27 0.44894460422835875
secret 27 0.44894460422835875
noth 27 0.44894460422835875
goal 27 0.44894460422835875
u00a0techn 27 0.44894460422835875
whi 27 0.7115603626030492
stop 27 0.44894460422835875
anoth 27 0.44894460422835875
employ 27 0.44894460422835875
involv 27 0.44894460422835875
ownership 27 0.44894460422835875
disput 27 0.44894460422835875
u00a0ani 27 0.44894460422835875
safe 27 0.44894460422835875
condit 27 0.44894460422835875
organ 27 0.44894460422835875
u00a0comput 27 0.44894460422835875
music 27 0.44894460422835875
styli 27 0.44894460422835875
suppli 27 0.44894460422835875
u00a0audio 27 0.44894460422835875
gear 27 0.44894460422835875
dice 27 0.44894460422835875
u00a0tablet 27 0.44894460422835875
sketch 27 0.44894460422835875
fab 28 1.6094495710597667
augment 28 1.7092914486400446
pervas 28 1.160504966831408
applic 28 1.160504966831408
richer 28 1.160504966831408
devic 28 1.160504966831408
produc 28 1.160504966831408
dollhous 28 1.160504966831408
envis 28 1.160504966831408
element 28 1.160504966831408
scale 28 1.160504966831408
microscal 28 1.160504966831408
small 28 1.160504966831408
printer 28 1.160504966831408
model 28 1.160504966831408
reshap 28 1.160504966831408
context 28 1.160504966831408
order 28 1.160504966831408
3d 28 1.160504966831408
widespread 28 1.160504966831408
architectur 28 1.160504966831408
ar 28 1.160504966831408
u00c2 28 1.160504966831408
instead 28 1.160504966831408
futur 28 1.160504966831408
ab 29 0.44894460422835875
marcel 29 1.042417089605914
262 29 1.042417089605914
map 29 1.042417089605914
hh 29 1.042417089605914
fourth 29 0.44894460422835875
2nd 29 0.44894460422835875
1st 29 1.160504966831408
took 29 0.44894460422835875
u00a0do 29 0.44894460422835875
heavilli 29 0.44894460422835875
lower 29 0.44894460422835875
continu 29 0.44894460422835875
50 29 1.042417089605914
4th 29 1.042417089605914
11th 29 1.042417089605914
18th 29 1.042417089605914
25th 29 1.042417089605914
8th 29 1.042417089605914
22nd 29 1.042417089605914
29th 29 1.042417089605914
6th 29 1.042417089605914
13th 29 1.042417089605914
