ic 40 0.535276863192891 41 0.535276863192891 42 1.3836706188572716 43 0.535276863192891 44 0.535276863192891 45 0.535276863192891 46 2.545181266993142 47 0.535276863192891 48 0.535276863192891 49 0.535276863192891
content 40 0.535276863192891 41 0.535276863192891 42 1.070553726385782 43 0.535276863192891 44 0.535276863192891 45 0.535276863192891 46 1.070553726385782 47 0.535276863192891 48 0.535276863192891 49 0.535276863192891
gardner 40 2.2577822339488876
daniel 40 2.221600018804642
edu 40 0.535276863192891 41 0.535276863192891 42 1.070553726385782 43 0.535276863192891 44 0.535276863192891 45 0.535276863192891 46 1.3836706188572716 47 0.535276863192891 48 0.535276863192891 49 0.535276863192891
transformativeplay 40 0.535276863192891 41 0.535276863192891 42 0.535276863192891 43 0.535276863192891 44 0.535276863192891 45 0.535276863192891 46 0.8483937556643807 47 0.535276863192891 48 0.535276863192891 49 0.535276863192891
https 40 0.535276863192891 41 0.535276863192891 42 1.070553726385782 43 0.535276863192891 44 0.535276863192891 45 0.535276863192891 46 0.535276863192891 47 0.535276863192891 48 0.535276863192891 49 0.535276863192891
url 40 0.535276863192891 41 0.535276863192891 42 1.070553726385782 43 0.535276863192891 44 0.535276863192891 45 0.535276863192891 46 0.535276863192891 47 0.535276863192891 48 0.535276863192891 49 0.535276863192891
uci 40 0.8483937556643807 41 1.2428743871907528 42 1.5027121365481173 43 1.6967875113287614 44 0.535276863192891 45 0.535276863192891 46 2.037988999741008 47 1.2428743871907528 48 0.535276863192891 49 0.8483937556643807
play 40 2.0912681428551334 41 2.141107452771564 42 2.313428113576535 43 2.0912681428551334 44 2.141107452771564 45 2.0912681428551334 46 2.0912681428551334 47 2.1879242880819834 48 2.4542243452430537 49 2.0912681428551334
transform 40 2.0912681428551334 41 2.0912681428551334 42 2.0912681428551334 43 2.0912681428551334 44 2.1879242880819834 45 2.0912681428551334 46 2.0912681428551334 47 2.0912681428551334 48 2.421358054296896 49 2.141107452771564
lab 40 2.0912681428551334 41 2.0912681428551334 42 2.0912681428551334 43 2.0912681428551334 44 2.0912681428551334 45 2.0912681428551334 46 2.313428113576535 47 2.141107452771564 48 2.0912681428551334 49 2.141107452771564
the 40 2.141107452771564 41 2.232064374521652 42 3.135641691715457 43 3.364430383618221 44 2.1879242880819834 45 2.313428113576535 46 3.0513134911467317 47 2.0912681428551334 48 2.2738173144668594 49 2.232064374521652
of 40 1.3836706188572716 41 1.6967875113287614 42 3.374267985139975 43 2.0912681428551334 44 1.5027121365481173 45 1.5027121365481173 46 3.0946280924452307 47 0.535276863192891 48 1.3836706188572716 49 1.6058305895786729
depart 40 1.070553726385782 41 0.8483937556643807 42 1.3836706188572716 43 0.535276863192891 44 0.8483937556643807 45 0.535276863192891 46 0.535276863192891 47 0.535276863192891 48 0.535276863192891 49 1.070553726385782
informat 40 1.070553726385782 41 0.8483937556643807 42 1.3836706188572716 43 0.535276863192891 44 0.8483937556643807 45 0.535276863192891 46 0.535276863192891 47 1.070553726385782 48 0.535276863192891 49 1.070553726385782
irvin 40 0.8483937556643807 41 1.070553726385782 42 0.8483937556643807 43 1.070553726385782 44 0.8483937556643807 45 0.535276863192891 46 0.8483937556643807 47 1.070553726385782 48 0.535276863192891 49 1.2428743871907528
uc 40 0.535276863192891 41 0.8483937556643807 42 0.535276863192891 43 1.070553726385782 44 0.535276863192891 45 0.535276863192891 46 0.535276863192891 47 1.070553726385782 48 0.535276863192891 49 0.535276863192891
at 40 0.8483937556643807 41 1.070553726385782 42 1.7781512503836436 43 1.6967875113287614 44 0.8483937556643807 45 0.535276863192891 46 2.1879242880819834 47 1.6058305895786729 48 1.6058305895786729 49 1.070553726385782
candid 40 0.8187416684181714 49 0.8187416684181714
phd 40 0.8226886663867655 44 0.5190587575494329 49 0.8226886663867655
and 40 0.8483937556643807 41 1.3836706188572716 42 3.3839818399623165 43 1.9189474820501629 44 1.070553726385782 45 1.7781512503836436 46 3.323776719696404 47 1.6967875113287614 48 1.2428743871907528 49 1.2428743871907528
school 40 0.5262570341895003 41 0.5262570341895003 42 1.2219309928167001 44 0.5262570341895003 47 0.5262570341895003 49 0.8340976649310895
inform 40 0.5285710001895837 41 0.5285710001895837 42 1.6755304285383306 44 0.5285710001895837 46 0.8377652142691653 48 0.5285710001895837 49 0.8377652142691653
scienc 40 0.8413689768965255 41 0.5308447212559941 42 1.2325832723069434 44 0.5308447212559941 45 1.3722136981525195 46 1.2325832723069434 47 0.8413689768965255 49 1.2325832723069434
comput 40 0.5308447212559941 41 0.5308447212559941 42 2.4952036119572116 43 0.8413689768965255 44 0.5308447212559941 46 1.3722136981525195 47 0.5308447212559941 49 1.2325832723069434
bren 40 0.5262570341895003 41 0.5262570341895003 42 1.2219309928167001 43 1.36035469912059 44 0.5262570341895003 49 0.8340976649310895
donald 40 0.5262570341895003 41 0.5262570341895003 42 1.2219309928167001 43 1.36035469912059 44 0.5262570341895003 49 0.8340976649310895
univers 40 0.5262570341895003 41 0.5262570341895003 42 0.8340976649310895 43 0.5262570341895003 44 0.5262570341895003 49 1.2219309928167001
california 40 0.5215024860078163 41 0.5215024860078163 44 0.5215024860078163 49 0.8265618843552484
that 40 0.5262570341895003 42 2.05602865774779 43 1.820550223605447 45 1.36035469912059 46 2.1050281367580013 48 1.2219309928167001
support 40 0.5239013728722068 42 1.0478027457444137 43 0.5239013728722068 46 0.5239013728722068 48 0.8303640300787799
he 40 0.5215024860078163 44 0.8265618843552484 48 0.5215024860078163 49 1.0430049720156327
specif 40 0.5165684790937608 42 0.5165684790937608
game 40 0.5308447212559941 41 1.2325832723069434 43 2.9960112658698805 44 1.0616894425119883 46 2.8805040011710603 47 1.7634279935629373 48 1.3722136981525195 49 0.5308447212559941
our 40 0.5239013728722068 42 0.5239013728722068 43 1.216461316622037 46 0.8303640300787799 48 0.5239013728722068
help 40 0.5262570341895003 41 0.5262570341895003 42 1.36035469912059 43 1.4773902751993306 44 0.5262570341895003 46 1.2219309928167001
them 40 0.5239013728722068 42 1.216461316622037 43 0.5239013728722068 46 1.0478027457444137 48 0.5239013728722068
system 40 0.5215024860078163 42 0.8265618843552484 43 0.5215024860078163 46 0.5215024860078163
technolog 40 0.5285710001895837 42 1.2273038554829079 43 0.5285710001895837 44 0.5285710001895837 45 2.114284000758335 48 0.5285710001895837 49 0.5285710001895837
control 40 0.5215024860078163 46 0.5215024860078163 47 0.8265618843552484 48 0.5215024860078163
anthropolog 40 0.5140298427067054
research 40 0.5239013728722068 41 0.8303640300787799 42 1.812400974361601 44 0.8303640300787799 49 0.8303640300787799
distribut 40 0.5190587575494329 42 1.0381175150988657 46 1.0381175150988657
in 40 0.535276863192891 41 1.070553726385782 42 2.5160366279538406 43 2.5160366279538406 44 0.535276863192891 45 1.3836706188572716 46 2.7232011512748744 47 0.8483937556643807 48 1.070553726385782 49 1.070553726385782
digit 40 0.5239013728722068 42 0.5239013728722068 44 0.5239013728722068 46 0.5239013728722068 48 1.0478027457444137
author 40 0.5140298427067054
access 40 0.5215024860078163 42 1.0430049720156327 43 0.5215024860078163 46 0.8265618843552484
way 40 0.5262570341895003 41 0.5262570341895003 42 0.8340976649310895 43 1.0525140683790006 45 1.36035469912059 48 0.5262570341895003
can 40 0.5262570341895003 42 1.36035469912059 43 1.8866117333100902 44 0.8340976649310895 46 1.7481880270062005 48 1.0525140683790006
to 40 0.5308447212559941 41 1.2325832723069434 42 2.898110455811677 43 2.578833567225413 44 0.8413689768965255 46 2.5241069306895767 48 1.2325832723069434 49 1.0616894425119883
power 40 0.8187416684181714 48 0.5165684790937608
medicin 40 0.5140298427067054
an 40 0.5285710001895837 41 0.5285710001895837 42 1.8949072146483328 43 1.4838863990391387 46 1.0571420003791674 48 1.2273038554829079 49 0.5285710001895837
authent 40 0.5140298427067054
structur 40 0.5239013728722068 42 1.6607280601575598 43 0.5239013728722068 46 1.3542654029509869 49 0.5239013728722068
govern 40 0.5140298427067054
from 40 0.5262570341895003 42 1.4773902751993306 43 1.4773902751993306 46 2.194452364051679 48 0.8340976649310895 49 0.8340976649310895
pervad 40 0.5140298427067054
is 40 0.5308447212559941 41 0.5308447212559941 42 2.604796970459463 43 2.3316385179628374 44 0.8413689768965255 46 2.2942727148189315 48 1.0616894425119883 49 0.8413689768965255
with 40 0.5308447212559941 41 0.8413689768965255 42 2.3316385179628374 43 1.9030584194085138 46 2.2942727148189315 47 0.8413689768965255 48 0.8413689768965255 49 0.5308447212559941
media 40 0.5215024860078163 42 0.5215024860078163 45 1.3480643703630646 49 0.5215024860078163
influenc 40 0.5140298427067054
dan 40 0.5140298427067054
studi 40 0.5308447212559941 42 0.5308447212559941 43 0.5308447212559941 44 0.5308447212559941 45 1.3722136981525195 46 0.5308447212559941 48 0.5308447212559941 49 0.8413689768965255
examin 40 0.5165684790937608 42 1.1994348645410384
materi 40 0.5190587575494329 42 2.0762350301977315 46 0.5190587575494329
design 40 0.5308447212559941 41 0.8413689768965255 42 2.2942727148189315 43 1.4902695410663118 44 1.2325832723069434 45 2.3316385179628374 46 1.2325832723069434 48 1.9643588907012173
charact 40 0.5215024860078163 41 0.5215024860078163 44 0.5215024860078163 48 0.8265618843552484
creation 40 0.5165684790937608 43 0.5165684790937608
master 40 0.5140298427067054
cultur 40 0.5165684790937608 45 1.3353101475119322
look 40 0.5165684790937608 41 0.5165684790937608
but 40 0.5239013728722068 42 1.216461316622037 43 1.0478027457444137 46 1.5717041186166205 48 0.5239013728722068
surround 40 0.5165684790937608 46 0.5165684790937608
broad 40 0.5190587575494329 42 0.5190587575494329 43 1.0381175150988657
this 40 0.5308447212559941 42 1.8364210132996888 43 1.3722136981525195 44 0.8413689768965255 45 1.3722136981525195 46 2.0739522492034688 48 0.8413689768965255 49 0.5308447212559941
includ 40 0.5262570341895003 41 0.8340976649310895 42 1.2219309928167001 43 0.8340976649310895 46 0.8340976649310895 49 0.5262570341895003
his 40 0.5215024860078163 41 0.5215024860078163 44 0.8265618843552484 49 1.0430049720156327
concern 40 0.5165684790937608 49 0.5165684790937608
valu 40 0.5190587575494329 42 1.645377332773531 46 0.5190587575494329
often 40 0.5165684790937608 46 0.5165684790937608
more 40 0.5239013728722068 42 0.8303640300787799 43 0.5239013728722068 46 1.216461316622037 48 0.5239013728722068
select 40 0.5190587575494329 42 0.8226886663867655 48 0.8226886663867655
illustr 40 0.5140298427067054
or 40 0.5262570341895003 42 2.5299043435783313 43 1.2219309928167001 46 2.1050281367580013 48 1.0525140683790006 49 0.5262570341895003
by 40 0.535276863192891 41 0.535276863192891 42 2.232064374521652 43 1.070553726385782 44 0.535276863192891 45 0.535276863192891 46 1.6967875113287614 47 0.535276863192891 48 1.070553726385782 49 1.070553726385782
theme 40 0.535276863192891 41 0.535276863192891 42 1.070553726385782 43 1.070553726385782 44 0.535276863192891 45 0.535276863192891 46 1.3836706188572716 47 0.535276863192891 48 0.535276863192891 49 0.535276863192891
themeegg 40 0.535276863192891 41 0.535276863192891 42 0.535276863192891 43 0.535276863192891 44 0.535276863192891 45 0.535276863192891 46 0.535276863192891 47 0.535276863192891 48 0.535276863192891 49 0.535276863192891
hartoonian 41 2.2577822339488876
naze 41 2.221600018804642
professor 41 0.5190587575494329 42 1.976240915392938 46 1.3417474239361984
assist 41 0.5190587575494329 42 0.8226886663867655 46 1.3417474239361984
silent 41 0.5140298427067054
resid 41 0.5165684790937608 46 0.5165684790937608
educ 41 0.5140298427067054
dead 41 0.5140298427067054
think 41 0.5239013728722068 42 0.8303640300787799 43 1.0478027457444137 46 0.5239013728722068 48 0.5239013728722068
adventur 41 0.5140298427067054
evil 41 0.5140298427067054
make 41 0.5262570341895003 42 1.4773902751993306 43 1.4773902751993306 45 1.36035469912059 46 1.0525140683790006 47 0.5262570341895003
go 41 0.5190587575494329 46 0.8226886663867655 48 0.5190587575494329
on 41 0.8413689768965255 42 2.0739522492034688 43 1.8364210132996888 44 0.8413689768965255 46 2.3316385179628374 47 0.5308447212559941 48 1.2325832723069434 49 0.8413689768965255
titl 41 0.5140298427067054
horror 41 1.0280596854134108
love 41 0.5140298427067054
also 41 0.5215024860078163 42 0.8265618843552484 43 0.8265618843552484 46 0.8265618843552484
hill 41 0.5140298427067054
she 41 1.193540333391231
ador 41 0.5140298427067054
space 41 0.5239013728722068 42 1.216461316622037 43 1.0478027457444137 45 1.3542654029509869 48 0.5239013728722068
produc 41 0.8226886663867655 44 0.5190587575494329 48 0.5190587575494329
some 41 0.8303640300787799 42 0.5239013728722068 43 1.0478027457444137 46 1.6607280601575598 49 0.5239013728722068
brave 41 0.5140298427067054
like 41 0.5215024860078163 42 0.5215024860078163 43 0.5215024860078163 48 0.5215024860078163
who 41 0.5239013728722068 42 0.5239013728722068 43 1.4707770978055261 46 0.8303640300787799 47 0.5239013728722068
about 41 1.0571420003791674 42 1.2273038554829079 43 0.5285710001895837 45 1.366336214458749 46 1.366336214458749 48 1.0571420003791674 49 0.5285710001895837
women 41 0.5140298427067054
enjoy 41 0.5140298427067054
favorit 41 0.8147180249417223
naz 41 1.0280596854134108
communiti 41 0.5190587575494329 43 0.8226886663867655 46 0.5190587575494329
her 41 1.0331369581875216 42 0.5165684790937608
anim 41 0.5140298427067054
writer 41 0.5215024860078163 42 0.5215024860078163 43 0.5215024860078163 46 0.5215024860078163
excit 41 0.5165684790937608 46 0.5165684790937608
for 41 0.8449111337175381 42 2.4114184777208583 43 1.7708520116421442 44 0.5330795733861871 45 1.3779907071037252 46 2.4114184777208583 47 0.5330795733861871 48 1.5992387201585612 49 0.5330795733861871
fi 41 0.5140298427067054
night 41 0.5140298427067054
find 41 0.8265618843552484 42 1.0430049720156327 43 0.8265618843552484 46 0.8265618843552484
director 41 0.5165684790937608 48 0.5165684790937608
econom 41 0.5140298427067054
undergradu 41 0.5140298427067054
develop 41 0.8303640300787799 43 1.5717041186166205 44 0.8303640300787799 46 1.216461316622037 47 0.5239013728722068
nine 41 0.5140298427067054
prior 41 0.5140298427067054
product 41 0.5262570341895003 43 0.5262570341895003 44 0.5262570341895003 46 0.5262570341895003 48 0.5262570341895003 49 0.5262570341895003
side 41 0.5140298427067054
2d 41 0.5140298427067054
u2019 41 0.5285710001895837 42 2.114284000758335 43 0.5285710001895837 44 0.5285710001895837 46 1.4838863990391387 48 0.5285710001895837 49 1.0571420003791674
corgi 41 0.5140298427067054
2019 41 1.0381175150988657 47 1.457182157843505 49 0.5190587575494329
thrive 41 0.5140298427067054
tri 41 0.5215024860078163 42 0.5215024860078163 43 0.5215024860078163 46 0.8265618843552484
receiv 41 0.5215024860078163 42 0.8265618843552484 46 1.0430049720156327 49 0.5215024860078163
club 41 0.5165684790937608 43 0.5165684790937608
student 41 0.5262570341895003 42 1.7481880270062005 43 0.5262570341895003 44 0.5262570341895003 46 2.3114879401304202 47 0.5262570341895003
was 41 0.8303640300787799 42 0.8303640300787799 43 0.5239013728722068 44 0.5239013728722068 46 0.5239013728722068
sci 41 0.5140298427067054
lost 41 0.5165684790937608 46 0.5165684790937608
back 41 0.5165684790937608 46 0.5165684790937608
over 41 0.5215024860078163 42 0.5215024860078163 43 0.5215024860078163 46 0.8265618843552484
scroll 41 0.5140298427067054
interest 41 0.5239013728722068 42 0.5239013728722068 43 1.3542654029509869 47 0.5239013728722068 49 0.5239013728722068
dedic 41 0.5140298427067054
home 41 0.5140298427067054
video 41 0.5190587575494329 43 1.0381175150988657 48 0.5190587575494329
graduat 41 0.5190587575494329 42 0.8226886663867655 49 0.5190587575494329
xylo 41 0.5140298427067054
platform 41 0.5190587575494329 46 1.0381175150988657 48 0.5190587575494329
june 41 0.5140298427067054
organ 41 0.5190587575494329 42 1.2052171120513562 43 0.5190587575494329
perform 41 0.5140298427067054
avatar 41 0.5140298427067054
edg 41 0.5140298427067054
program 41 0.8265618843552484 42 0.5215024860078163 43 1.0430049720156327 46 0.5215024860078163
relationship 41 0.5140298427067054
spent 41 0.5140298427067054
custom 41 0.5140298427067054
it 41 0.5262570341895003 42 1.578771102568501 43 1.36035469912059 44 0.5262570341895003 46 1.578771102568501 48 0.8340976649310895
interfac 41 0.5190587575494329 46 1.2052171120513562 48 1.0381175150988657
gender 41 0.5140298427067054
present 41 0.5239013728722068 42 1.994678470677733 44 0.5239013728722068 46 1.4707770978055261 49 0.5239013728722068
player 41 0.5190587575494329 44 0.5190587575494329 48 1.2052171120513562
competit 41 0.5190587575494329 43 0.5190587575494329 46 1.0381175150988657
urop 41 0.5140298427067054
into 41 0.5262570341895003 42 1.0525140683790006 43 0.8340976649310895 44 0.5262570341895003 46 1.0525140683790006 48 1.2219309928167001
symposium 41 0.5140298427067054
preliminari 41 0.5140298427067054
may 41 0.5239013728722068 42 0.8303640300787799 46 1.216461316622037 47 0.5239013728722068 48 0.5239013728722068
summer 41 0.5140298427067054
impact 41 0.5215024860078163 42 0.8265618843552484 46 0.5215024860078163 49 0.5215024860078163
through 41 0.8303640300787799 42 1.0478027457444137 46 0.5239013728722068 48 0.5239013728722068 49 0.5239013728722068
current 41 0.5215024860078163 43 0.5215024860078163 46 0.5215024860078163 49 0.5215024860078163
continu 41 0.5140298427067054
investig 41 0.5140298427067054
time 41 0.5215024860078163 42 1.5645074580234488 43 1.2108912738151525 46 1.8041021892933946
further 41 0.5190587575494329 42 0.5190587575494329 46 0.5190587575494329
spring 41 0.5165684790937608 46 0.5165684790937608
teach 41 0.5165684790937608 46 1.5497054372812824
uteach 41 0.8147180249417223
week 41 0.5190587575494329 42 2.9871247567097297 46 2.3147070353465318
academ 41 0.5190587575494329 42 1.5571762726482987 46 1.7956482777970992
10 41 0.5215024860078163 42 2.2906044553145684 46 2.2906044553145684 47 0.5215024860078163
seminar 41 0.5140298427067054
opportun 41 0.5165684790937608 43 0.5165684790937608
histori 41 0.5190587575494329 42 0.5190587575494329 48 0.5190587575494329
2018 41 0.5165684790937608 47 1.45019106236368
year 41 0.5190587575494329 42 0.5190587575494329 46 0.8226886663867655
had 41 0.5215024860078163 43 0.5215024860078163 46 0.5215024860078163 48 0.5215024860078163
addit 41 0.5215024860078163 42 0.5215024860078163 46 1.4640425709593199 49 0.5215024860078163
twebsit 41 1.193540333391231
tgithub 41 1.193540333391231
introduct 42 2.221600018804642
class 42 2.5094798541194447 46 2.303601808862097
ubiquit 42 2.1434658925901497
inf 42 2.1114544632569503 46 0.5165684790937608
241 42 2.0561193708268215
248a 42 1.193540333391231
compsci 42 1.193540333391231
theresa 42 1.1994348645410384 46 1.1994348645410384
jean 42 1.1994348645410384 46 1.1994348645410384
tanenbaum 42 1.9297885123326426 46 1.2108912738151525 48 1.8041021892933946 49 0.5215024860078163
u00a0 42 1.7481880270062005 43 0.5262570341895003 44 0.8340976649310895 46 2.3114879401304202 47 0.5262570341895003 48 1.0525140683790006
30pm 42 1.193540333391231
thursday 42 1.1994348645410384 46 1.6374833368363428
20pm 42 1.1994348645410384 46 0.5165684790937608
locat 42 1.3480643703630646 43 1.0430049720156327 44 0.5215024860078163 46 2.421782547630305
180 42 1.193540333391231
descript 42 1.1994348645410384 46 2.5094798541194447
catalog 42 1.1994348645410384 46 1.1994348645410384
model 42 0.5165684790937608 44 0.5165684790937608
secur 42 0.5140298427067054
oper 42 0.5140298427067054
embed 42 0.5165684790937608 48 0.5165684790937608
applic 42 0.5140298427067054
work 42 1.8695668563708812 43 1.9297885123326426 46 1.3480643703630646 49 0.8265618843552484
differ 42 0.5215024860078163 45 1.3480643703630646 46 0.5215024860078163 48 0.8265618843552484
particip 42 1.645377332773531 43 2.1644360903229636 46 1.9207456424848888
paradigm 42 0.8147180249417223
sensor 42 0.8187416684181714 48 0.8187416684181714
project 42 2.5347450120529706 46 2.154051815930104
environ 42 0.8226886663867655 43 0.8226886663867655 48 0.5190587575494329
altern 42 0.5190587575494329 45 1.3417474239361984 46 0.5190587575494329
disappear 42 0.5140298427067054
evalu 42 1.542089528120116
augment 42 0.5165684790937608 48 0.8187416684181714
desktop 42 0.5140298427067054
interact 42 0.8187416684181714 48 1.0331369581875216
small 42 1.5497054372812824 44 0.5165684790937608
overview 42 1.193540333391231
cours 42 2.23257182272856 46 3.3196058105903026
topic 42 1.193540333391231
better 42 0.5190587575494329 45 1.3417474239361984 46 0.5190587575494329
world 42 0.5262570341895003 43 0.5262570341895003 44 0.5262570341895003 46 0.5262570341895003 48 0.8340976649310895 49 0.5262570341895003
hard 42 0.5140298427067054
context 42 1.3287478676484277
signific 42 1.0331369581875216 48 0.5165684790937608
defin 42 0.5140298427067054
understand 42 0.5190587575494329 44 0.5190587575494329 45 1.3417474239361984
central 42 0.5165684790937608 43 0.5165684790937608
front 42 0.5140298427067054
devic 42 0.8187416684181714 48 0.5165684790937608
challeng 42 0.8265618843552484 43 0.8265618843552484 45 1.3480643703630646 48 0.5215024860078163
loos 42 0.5140298427067054
thus 42 0.5140298427067054
drive 42 0.5140298427067054
move 42 0.8147180249417223
longer 42 0.8147180249417223
hci 42 0.5165684790937608 45 1.1994348645410384
question 42 1.0381175150988657 46 1.2052171120513562 49 0.5190587575494329
where 42 0.5215024860078163 43 1.4640425709593199 46 0.5215024860078163 48 0.8265618843552484
locus 42 0.5140298427067054
u201cinternet 42 0.5140298427067054
emerg 42 0.5165684790937608 44 0.5165684790937608
late 42 0.5165684790937608 43 0.5165684790937608
introduc 42 0.5165684790937608 46 0.5165684790937608
network 42 0.5140298427067054
expans 42 0.5140298427067054
practic 42 0.5190587575494329 45 1.3417474239361984 49 0.5190587575494329
call 42 0.5165684790937608 46 0.8187416684181714
collabor 42 0.8226886663867655 43 0.5190587575494329 46 0.5190587575494329
proper 42 0.8187416684181714 48 0.5165684790937608
contemporari 42 0.5140298427067054
we 42 1.6607280601575598 43 1.5717041186166205 45 1.3542654029509869 46 1.5717041186166205 48 1.0478027457444137
so 42 0.8226886663867655 43 1.0381175150988657 46 1.2052171120513562
explor 42 0.5239013728722068 43 1.216461316622037 44 0.8303640300787799 47 0.5239013728722068 48 1.0478027457444137
head 42 0.5140298427067054
theori 42 0.5165684790937608 49 0.5165684790937608
tangibl 42 1.3353101475119322 48 1.1994348645410384
human 42 0.5140298427067054
data 42 0.8147180249417223
experi 42 0.5239013728722068 43 0.8303640300787799 44 0.8303640300787799 46 1.4707770978055261 48 1.3542654029509869
person 42 1.5645074580234488 46 1.0430049720156327 48 0.5215024860078163 49 0.5215024860078163
1980s 42 0.5140298427067054
recent 42 0.5190587575494329 44 0.8226886663867655 48 0.5190587575494329
no 42 1.2052171120513562 43 0.8226886663867655 46 1.2052171120513562
sit 42 0.5140298427067054
affili 42 0.5140298427067054
point 42 0.8187416684181714 46 0.8187416684181714
spatial 42 0.5140298427067054
has 42 1.216461316622037 43 0.5239013728722068 46 1.0478027457444137 48 0.5239013728722068 49 0.8303640300787799
pc 42 0.5140298427067054
ourselv 42 0.5165684790937608 43 0.5165684790937608
group 42 2.3256046753012107 43 0.5215024860078163 46 0.8265618843552484 49 0.5215024860078163
under 42 0.5165684790937608 43 0.5165684790937608
introductori 42 0.5140298427067054
stretch 42 0.5165684790937608 43 0.5165684790937608
explos 42 0.5140298427067054
u201d 42 1.8608061814856314 46 1.0381175150988657 48 1.0381175150988657
suffus 42 0.5140298427067054
thing 42 1.3542654029509869 43 0.8303640300787799 46 1.0478027457444137 48 0.5239013728722068 49 0.8303640300787799
u201cbig 42 0.5140298427067054
ubicomp 42 1.7075701760979363
will 42 2.5334491659377543 43 1.4640425709593199 46 2.5836256920375065 48 0.5215024860078163
desk 42 0.5140298427067054
collect 42 1.3287478676484277
u201cubiquit 42 0.5140298427067054
seri 42 0.5140298427067054
exist 42 0.5215024860078163 43 0.5215024860078163 45 1.3480643703630646 48 0.5215024860078163
concept 42 0.5190587575494329 43 0.5190587575494329 46 1.2052171120513562
your 42 2.121633383908876 43 0.8226886663867655 46 2.8670532061582685
prepar 42 1.1994348645410384 46 0.8187416684181714
these 42 1.4640425709593199 43 0.5215024860078163 46 1.3480643703630646 48 0.5215024860078163
be 42 2.4128687674995906 43 1.820550223605447 44 0.5262570341895003 46 2.473639465455462 48 0.5262570341895003 49 0.5262570341895003
disclaim 42 1.45019106236368 46 0.5165684790937608
big 42 1.3287478676484277
four 42 0.8187416684181714 49 0.5165684790937608
factor 42 0.8147180249417223
write 42 1.0331369581875216 49 0.8187416684181714
read 42 2.2689327307818514 46 0.8187416684181714
base 42 0.8226886663867655 43 0.5190587575494329 44 0.5190587575494329
resourc 42 1.787033329768336 46 1.45019106236368
slack 42 1.4430642090071653
as 42 1.668195329862179 43 1.2219309928167001 46 1.820550223605447 47 0.8340976649310895 48 0.8340976649310895 49 0.5262570341895003
backchannel 42 0.5140298427067054
inf241 42 0.5140298427067054
com 42 1.0331369581875216 46 0.8187416684181714
discuss 42 2.42809899627205 46 0.8187416684181714
http 42 1.0331369581875216 46 0.8187416684181714
dure 42 0.8187416684181714 46 0.8187416684181714
board 42 0.8226886663867655 43 0.5190587575494329 47 0.5190587575494329
use 42 2.003647309388831 43 0.8340976649310895 44 0.5262570341895003 45 1.36035469912059 46 1.578771102568501 48 1.0525140683790006
channel 42 0.8147180249417223
zotero 42 1.5497054372812824 46 1.3353101475119322
identifi 42 0.8147180249417223
manag 42 1.0331369581875216 46 1.45019106236368
requir 42 1.3480643703630646 43 1.0430049720156327 46 1.3480643703630646 48 0.5215024860078163
librari 42 0.8226886663867655 46 0.5190587575494329 49 0.5190587575494329
claim 42 1.0280596854134108
everyon 42 0.5190587575494329 43 1.2052171120513562 46 0.8226886663867655
inf_241_ 42 0.5140298427067054
bibliograph 42 0.8147180249417223
1757468 42 0.5140298427067054
org 42 0.5140298427067054
their 42 0.8265618843552484 43 1.2108912738151525 46 1.2108912738151525 48 0.8265618843552484
refer 42 1.6374833368363428 46 1.45019106236368
share 42 1.0381175150988657 43 0.8226886663867655 46 0.8226886663867655
www 42 0.8187416684181714 46 0.5165684790937608
_intro_to_ubiquitous_comput 42 0.5140298427067054
should 42 1.457182157843505 43 1.7956482777970992 46 1.5571762726482987
you 42 2.4680659991602965 43 1.457182157843505 46 2.1644360903229636
what 42 2.225495056154714 43 2.1846294330297664 46 1.994678470677733 48 0.5239013728722068 49 0.5239013728722068
bring 42 1.45019106236368 43 1.787033329768336
pen 42 0.5165684790937608 43 0.5165684790937608
pencil 42 0.5140298427067054
tablet 42 0.5140298427067054
have 42 2.1316220331766242 43 1.2108912738151525 46 2.2906044553145684 48 0.5215024860078163
alway 42 0.5190587575494329 43 0.5190587575494329 46 0.5190587575494329
laptop 42 0.5140298427067054
certain 42 0.5140298427067054
three 42 1.0381175150988657 48 0.5190587575494329 49 0.5190587575494329
hour 42 0.5190587575494329 43 1.2052171120513562 46 0.5190587575494329
meet 42 0.5190587575494329 43 0.5190587575494329 46 2.2049239772880793
lectur 42 1.3353101475119322 46 1.1994348645410384
onc 42 1.2052171120513562 46 0.8226886663867655 48 0.5190587575494329
combin 42 0.5165684790937608 48 0.8187416684181714
are 42 1.9559451229590983 43 1.4838863990391387 45 1.366336214458749 46 2.1605143222374497 47 0.5285710001895837 48 1.0571420003791674 49 0.5285710001895837
assign 42 1.5497054372812824 46 1.3353101475119322
grade 42 2.8201702879558574 46 3.2076078810865813
one 42 1.2108912738151525 43 0.8265618843552484 46 1.0430049720156327 48 0.5215024860078163
paper 42 2.0279057784381216 43 0.5190587575494329 46 0.5190587575494329
quiz 42 0.5140298427067054
not 42 2.2153047586418313 43 1.8695668563708812 46 1.7323937598229686 49 0.5215024860078163
half 42 0.5140298427067054
first 42 1.0331369581875216 46 0.5165684790937608
relev 42 1.193540333391231
specifi 42 0.5140298427067054
respons 42 1.724275869600789 43 0.5190587575494329 46 0.5190587575494329
field 42 0.8187416684181714 44 0.8187416684181714
ahead 42 0.5140298427067054
two 42 0.5190587575494329 46 0.5190587575494329 49 0.5190587575494329
relat 42 1.0331369581875216 46 1.3353101475119322
given 42 0.5165684790937608 46 0.5165684790937608
each 42 1.3417474239361984 46 1.645377332773531 48 0.8226886663867655
lead 42 0.5190587575494329 43 0.5190587575494329 48 0.5190587575494329
u00a0scholar 42 0.5140298427067054
duplic 42 0.5140298427067054
been 42 0.8265618843552484 43 0.5215024860078163 46 0.5215024860078163 48 0.5215024860078163
articl 42 1.0331369581875216 43 0.5165684790937608
found 42 0.8265618843552484 43 0.5215024860078163 46 0.5215024860078163 49 0.5215024860078163
everi 42 0.8226886663867655 43 0.5190587575494329 46 0.8226886663867655
add 42 0.5165684790937608 46 0.8187416684181714
while 42 0.5140298427067054
news 42 0.5215024860078163 43 0.5215024860078163 47 2.037453158170401 49 0.5215024860078163
wait 42 0.5140298427067054
must 42 1.3417474239361984 46 0.8226886663867655 48 0.5190587575494329
worth 42 0.8187416684181714 46 0.5165684790937608
search 42 0.8147180249417223
mainstream 42 0.5140298427067054
case 42 1.0381175150988657 44 0.5190587575494329 46 0.8226886663867655
hand 42 0.5140298427067054
someth 42 0.8226886663867655 43 0.8226886663867655 46 1.0381175150988657
name 42 1.0381175150988657 46 0.8226886663867655 49 0.5190587575494329
instructor 42 1.6374833368363428 46 1.3353101475119322
u201cclaim 42 0.5140298427067054
scholar 42 0.5140298427067054
see 42 0.5190587575494329 46 1.5571762726482987 48 0.5190587575494329
trade 42 0.5140298427067054
sure 42 0.5140298427067054
note 42 1.3353101475119322 46 0.5165684790937608
howev 42 1.0381175150988657 43 0.5190587575494329 46 0.5190587575494329
rare 42 0.5140298427067054
alreadi 42 0.8187416684181714 46 0.5165684790937608
check 42 1.7160033436347992 46 1.787033329768336
profession 42 0.5215024860078163 43 0.5215024860078163 46 0.5215024860078163 49 0.5215024860078163
clear 42 0.5165684790937608 46 0.8187416684181714
prevent 42 0.5140298427067054
harder 42 0.8147180249417223
latter 42 0.5140298427067054
public 42 0.5190587575494329 45 1.976240915392938 46 0.5190587575494329
there 42 0.8226886663867655 43 1.0381175150988657 46 1.0381175150988657
member 42 0.8303640300787799 43 0.5239013728722068 46 1.3542654029509869 48 0.5239013728722068 49 0.5239013728722068
how 42 1.0478027457444137 43 1.216461316622037 44 0.8303640300787799 45 1.3542654029509869 48 0.5239013728722068
touch 42 0.8187416684181714 48 0.5165684790937608
chanc 42 0.5190587575494329 43 0.8226886663867655 46 0.5190587575494329
etch 42 0.5140298427067054
choic 42 0.5140298427067054
talk 42 0.5190587575494329 43 0.5190587575494329 49 0.5190587575494329
say 42 0.5140298427067054
awar 42 1.3353101475119322 43 0.5165684790937608
short 42 0.5165684790937608 43 0.8187416684181714
general 42 0.8187416684181714 46 0.5165684790937608
period 42 0.5165684790937608 48 0.5165684790937608
nomin 42 0.5140298427067054
learn 42 1.0381175150988657 43 0.5190587575494329 46 0.5190587575494329
chosen 42 0.5140298427067054
import 42 1.457182157843505 43 0.5190587575494329 46 1.3417474239361984
stone 42 0.5140298427067054
flexibl 42 0.5140298427067054
after 42 0.5165684790937608 43 1.3353101475119322
whi 42 0.5165684790937608 43 0.8187416684181714
divid 42 0.5140298427067054
engag 42 1.8518786266056932 46 0.5165684790937608
part 42 0.5215024860078163 43 0.5215024860078163 46 0.5215024860078163 47 0.5215024860078163
follow 42 0.8265618843552484 43 0.5215024860078163 46 1.2108912738151525 48 0.5215024860078163
prototyp 42 1.9297885123326426 45 1.3480643703630646 46 1.4640425709593199 48 0.5215024860078163
50 42 1.193540333391231
peopl 42 1.2052171120513562 43 1.457182157843505 48 0.5190587575494329
recommend 42 1.1994348645410384 46 1.3353101475119322
number 42 1.1994348645410384 46 1.0331369581875216
deadlin 42 1.193540333391231
format 42 1.8518786266056932 46 0.5165684790937608
app 42 1.1994348645410384 44 0.5165684790937608
elabor 42 1.193540333391231
u201c 42 1.193540333391231
fiction 42 1.6531237687104967 45 2.2906044553145684 48 0.5215024860078163 49 0.5215024860078163
u201ccrit 42 1.193540333391231
artwork 42 1.193540333391231
deliver 42 1.1994348645410384 46 1.6374833368363428
document 42 2.01817653295921 46 0.5165684790937608
40 42 1.1994348645410384 46 1.1994348645410384
reflect 42 1.7075701760979363
60 42 1.193540333391231
acm 42 1.3353101475119322 46 0.5165684790937608
sigchi 42 1.193540333391231
criteria 42 1.7075701760979363
medium 42 1.193540333391231
effect 42 1.3417474239361984 46 0.5190587575494329 48 0.5190587575494329
idea 42 1.5571762726482987 43 0.8226886663867655 46 0.8226886663867655
ethic 42 1.3353101475119322 45 1.3353101475119322
polish 42 1.1994348645410384 46 1.0331369581875216
sourc 42 1.645377332773531 43 0.5190587575494329 46 0.5190587575494329
clariti 42 1.193540333391231
communic 42 1.5497054372812824 45 1.3353101475119322
depth 42 1.1994348645410384 46 1.1994348645410384
argument 42 1.3287478676484277
coher 42 1.193540333391231
qualiti 42 0.5165684790937608 46 1.3353101475119322
matter 42 0.5140298427067054
absurd 42 0.5140298427067054
discours 42 0.5140298427067054
unlik 42 0.5140298427067054
subvers 42 0.5140298427067054
connect 42 0.5190587575494329 43 0.8226886663867655 48 0.5190587575494329
much 42 0.5140298427067054
than 42 0.5165684790937608 46 0.8187416684181714
pursu 42 0.5140298427067054
strong 42 0.5190587575494329 43 0.5190587575494329 46 0.5190587575494329
impract 42 0.5140298427067054
bizarr 42 0.5140298427067054
ani 42 1.645377332773531 43 1.0381175150988657 46 1.457182157843505
unconvent 42 0.5140298427067054
good 42 0.8226886663867655 43 0.8226886663867655 46 0.5190587575494329
silli 42 0.5165684790937608 48 0.5165684790937608
within 42 0.8265618843552484 43 1.0430049720156327 46 0.5215024860078163 49 0.5215024860078163
bad 42 0.5140298427067054
reach 42 0.5140298427067054
reduct 42 0.5140298427067054
weird 42 0.5140298427067054
imposs 42 0.5140298427067054
deepli 42 0.5140298427067054
none 42 0.5165684790937608 43 0.5165684790937608
other 42 1.0430049720156327 43 1.0430049720156327 46 1.7323937598229686 48 0.5215024860078163
issu 42 0.5165684790937608 46 0.8187416684181714
upset 42 0.5140298427067054
defend 42 0.8147180249417223
inspir 42 0.5190587575494329 43 0.5190587575494329 48 0.5190587575494329
revolutionari 42 0.5140298427067054
isn 42 0.8226886663867655 43 0.8226886663867655 46 0.5190587575494329
contribut 42 0.5190587575494329 43 0.8226886663867655 46 1.2052171120513562
normal 42 0.5140298427067054
well 42 0.5165684790937608 46 1.1994348645410384
depress 42 0.5140298427067054
need 42 1.2052171120513562 43 1.0381175150988657 46 1.2052171120513562
uninterest 42 0.5140298427067054
imagin 42 0.5165684790937608 43 0.5165684790937608
mean 42 0.8226886663867655 46 0.5190587575494329 49 0.5190587575494329
argu 42 0.5140298427067054
u2019t 42 0.8226886663867655 46 0.8226886663867655 48 0.5190587575494329
free 42 0.8226886663867655 43 0.5190587575494329 46 0.8226886663867655
onlin 42 1.45019106236368 46 0.5165684790937608
30 42 1.6374833368363428 46 1.1994348645410384
choos 42 0.5140298427067054
take 42 1.0430049720156327 43 0.5215024860078163 46 0.5215024860078163 48 0.5215024860078163
form 42 0.5165684790937608 48 0.5165684790937608
believ 42 0.5140298427067054
measur 42 0.5140298427067054
post 42 0.8187416684181714 46 0.5165684790937608
indic 42 0.5140298427067054
might 42 0.8226886663867655 43 0.8226886663867655 46 1.0381175150988657
success 42 1.0430049720156327 43 0.5215024860078163 46 0.8265618843552484 48 0.5215024860078163
quizz 42 1.4430642090071653
15 42 1.193540333391231
want 42 0.5190587575494329 43 1.3417474239361984 46 0.8226886663867655
until 42 0.5165684790937608 43 0.5165684790937608
web 42 0.5140298427067054
they 42 0.5215024860078163 43 0.5215024860078163 46 1.0430049720156327 48 1.0430049720156327
print 42 0.5140298427067054
announc 42 0.8187416684181714 43 0.5165684790937608
account 42 0.8187416684181714 46 0.5165684790937608
due 42 1.7160033436347992 46 1.1994348645410384
reader 42 1.0381175150988657 46 0.5190587575494329 48 0.5190587575494329
handwritten 42 0.5140298427067054
hold 42 0.5140298427067054
day 42 0.5215024860078163 43 0.5215024860078163 46 1.9297885123326426 47 0.5215024860078163
do 42 1.3542654029509869 43 1.3542654029509869 44 0.5239013728722068 46 1.4707770978055261 49 0.5239013728722068
origin 42 1.45019106236368 46 0.8187416684181714
when 42 1.3480643703630646 43 1.2108912738151525 46 0.8265618843552484 48 0.5215024860078163
complet 42 1.3480643703630646 43 0.5215024860078163 46 1.2108912738151525 48 0.5215024860078163
goal 42 0.5165684790937608 43 0.5165684790937608
quarter 42 0.5165684790937608 46 2.6280229423507113
answer 42 0.8187416684181714 49 0.5165684790937608
index 42 1.45019106236368 46 1.787033329768336
card 42 1.5571762726482987 43 0.8226886663867655 46 1.9207456424848888
attend 42 1.3417474239361984 43 0.5190587575494329 46 1.645377332773531
determin 42 1.5497054372812824 46 0.5165684790937608
feedback 42 0.5165684790937608 46 0.8187416684181714
get 42 0.8226886663867655 43 1.2052171120513562 46 1.0381175150988657
id 42 0.8147180249417223
begin 42 0.5190587575494329 43 0.5190587575494329 46 0.8226886663867655
pleas 42 1.6374833368363428 46 1.3353101475119322
date 42 0.5165684790937608 46 1.0331369581875216
comment 42 0.8226886663867655 44 0.5190587575494329 46 0.8226886663867655
me 42 0.8187416684181714 46 0.8187416684181714
end 42 0.5190587575494329 43 0.5190587575494329 46 1.2052171120513562
put 42 0.8226886663867655 46 0.5190587575494329 48 0.5190587575494329
would 42 0.5190587575494329 43 0.8226886663867655 46 0.5190587575494329
extra 42 0.5140298427067054
if 42 1.8695668563708812 43 1.4640425709593199 46 1.6531237687104967 48 0.5215024860078163
don 42 0.5190587575494329 43 1.0381175150988657 48 0.5190587575494329
submit 42 1.0331369581875216 46 0.5165684790937608
anonym 42 0.5140298427067054
schedul 42 1.3353101475119322 46 2.9301961316751215
28 42 1.2052171120513562 46 0.5190587575494329 47 0.5190587575494329
stori 42 1.1994348645410384 48 0.5165684790937608
u2013 42 2.9443220502956415 43 0.5190587575494329 46 2.704012391475074
bodi 42 1.1994348645410384 48 0.5165684790937608
05 42 1.193540333391231
embodi 42 1.1994348645410384 48 0.5165684790937608
12 42 1.911530517178289 46 0.5165684790937608
iot 42 1.1994348645410384 49 0.5165684790937608
19 42 1.1994348645410384 46 0.5165684790937608
confer 42 1.6374833368363428 49 0.5165684790937608
chi 42 1.193540333391231
pitch 42 1.193540333391231
26 42 1.2108912738151525 43 0.5215024860078163 46 0.5215024860078163 47 0.5215024860078163
u00a0project 42 1.193540333391231
futur 42 1.6374833368363428 45 1.1994348645410384
hastac 42 1.193540333391231
11 42 2.2798708242302705 46 0.5190587575494329 47 0.8226886663867655
02 42 1.1994348645410384 46 1.6374833368363428
09 42 1.193540333391231
narrat 42 1.216461316622037 43 0.5239013728722068 45 1.3542654029509869 46 1.216461316622037 48 0.8303640300787799
16 42 1.1994348645410384 46 0.8187416684181714
place 42 1.2052171120513562 43 0.8226886663867655 46 0.5190587575494329
thanksgiv 42 1.1994348645410384 46 1.1994348645410384
23 42 1.2108912738151525 43 0.5215024860078163 46 0.5215024860078163 47 0.5215024860078163
draft 42 1.3287478676484277
3pm 42 1.6294360498834446
07 42 1.193540333391231
final 42 1.7160033436347992 46 1.9667595414574408
14 42 1.1994348645410384 46 0.8187416684181714
polici 42 1.5497054372812824 46 2.5347450120529706
those 42 0.5140298427067054
honesti 42 0.8187416684181714 46 1.3353101475119322
especi 42 0.5140298427067054
observ 42 0.5140298427067054
plagiar 42 2.42809899627205 46 1.7160033436347992
excus 42 0.5140298427067054
ignor 42 0.5140298427067054
fail 42 0.8187416684181714 46 0.5165684790937608
pertain 42 0.5140298427067054
accommod 42 1.3353101475119322 46 1.45019106236368
u00a0or 42 0.5165684790937608 46 0.5165684790937608
special 42 0.5165684790937608 46 1.3353101475119322
psychiatr 42 0.5165684790937608 46 0.5165684790937608
out 42 1.2108912738151525 43 0.5215024860078163 46 1.4640425709593199 48 0.5215024860078163
u00a0onlin 42 0.5165684790937608 46 0.5165684790937608
etc 42 1.0381175150988657 45 1.3417474239361984 46 1.0381175150988657
physic 42 0.5215024860078163 43 0.5215024860078163 46 0.8265618843552484 48 1.0430049720156327
disabl 42 0.8187416684181714 46 0.5165684790937608
hear 42 0.5165684790937608 46 0.5165684790937608
visit 42 0.5165684790937608 46 0.8187416684181714
vision 42 0.5165684790937608 46 0.5165684790937608
center 42 1.6531237687104967 46 1.5645074580234488 48 0.5215024860078163 49 0.5215024860078163
build 42 0.5239013728722068 43 0.5239013728722068 44 0.5239013728722068 46 0.8303640300787799 47 0.5239013728722068
100 42 0.5165684790937608 46 0.5165684790937608
313 42 0.5165684790937608 46 0.5165684790937608
servic 42 1.0331369581875216 46 0.8187416684181714
92697 42 0.5165684790937608 46 0.5165684790937608
ca 42 0.5165684790937608 46 0.5165684790937608
5130 42 0.5165684790937608 46 0.5165684790937608
counsel 42 1.3353101475119322 46 1.3353101475119322
progress 42 0.5190587575494329 43 1.2052171120513562 46 0.8226886663867655
difficulti 42 0.5165684790937608 46 0.8187416684181714
problem 42 0.5165684790937608 46 1.0331369581875216
indecis 42 0.5165684790937608 46 0.5165684790937608
career 42 0.5165684790937608 46 0.5165684790937608
advers 42 0.5165684790937608 46 0.8187416684181714
email 42 1.5497054372812824 46 0.8187416684181714
far 42 0.5165684790937608 46 0.5165684790937608
regular 42 0.5140298427067054
likewis 42 0.5165684790937608 46 0.5165684790937608
inf242 42 0.5140298427067054
line 42 0.5140298427067054
address 42 0.8187416684181714 48 0.5165684790937608
anyth 42 0.8226886663867655 43 1.3417474239361984 46 0.8226886663867655
all 42 1.4640425709593199 43 1.2108912738151525 46 1.2108912738151525 48 0.5215024860078163
link 42 0.5140298427067054
most 42 0.5165684790937608 46 0.8187416684181714
reliabl 42 0.5140298427067054
natur 42 0.5140298427067054
subject 42 0.5165684790937608 46 0.5165684790937608
forthcom 42 0.5165684790937608 46 0.5165684790937608
individu 42 0.8187416684181714 46 1.3353101475119322
inquiri 42 0.5140298427067054
basi 42 0.5140298427067054
enter 42 0.5190587575494329 46 0.5190587575494329 48 1.0381175150988657
window 42 0.5165684790937608 49 0.5165684790937608
abl 42 0.5165684790937608 43 0.5165684790937608
doc 42 0.5165684790937608 46 0.8187416684181714
major 42 0.8187416684181714 46 1.45019106236368
file 42 0.5140298427067054
amount 42 0.5140298427067054
process 42 0.8265618843552484 43 0.5215024860078163 44 0.5215024860078163 46 0.5215024860078163
word 42 1.0430049720156327 46 0.8265618843552484 48 0.5215024860078163 49 0.5215024860078163
internet 42 0.5165684790937608 49 0.8187416684181714
save 42 0.5190587575494329 44 0.5190587575494329 46 0.5190587575494329
docx 42 0.5140298427067054
capabl 42 0.5140298427067054
expect 42 0.5190587575494329 46 0.5190587575494329 49 0.5190587575494329
u00a0you 42 0.5190587575494329 43 0.5190587575494329 46 1.0381175150988657
pdf 42 0.5140298427067054
mac 42 0.5140298427067054
befor 42 0.8265618843552484 43 0.5215024860078163 46 1.5645074580234488 49 0.5215024860078163
microsoft 42 0.5165684790937608 48 0.5165684790937608
knowledg 42 0.8147180249417223
turnitin 42 0.5140298427067054
otherwis 42 0.5165684790937608 46 0.5165684790937608
accept 42 0.8147180249417223
except 42 0.5165684790937608 46 0.5165684790937608
eee 42 0.8147180249417223
unless 42 0.5140298427067054
password 42 0.5140298427067054
oit 42 0.5140298427067054
net 42 0.5140298427067054
know 42 0.8226886663867655 46 1.0381175150988657 48 0.8226886663867655
contact 42 0.5165684790937608 46 1.1994348645410384
cheat 42 1.787033329768336 46 1.3353101475119322
quot 42 1.0331369581875216 46 0.5165684790937608
integr 42 1.3353101475119322 46 1.0331369581875216
conduct 42 0.8147180249417223
cannot 42 1.3353101475119322 46 1.3353101475119322
regard 42 0.5165684790937608 46 0.5165684790937608
here 42 1.645377332773531 43 0.5190587575494329 46 1.0381175150988657
toler 42 1.3353101475119322 46 1.3353101475119322
direct 42 0.8226886663867655 46 0.5190587575494329 48 0.5190587575494329
heed 42 0.5165684790937608 46 0.5165684790937608
offic 42 1.0331369581875216 46 0.8187416684181714
dishonesti 42 1.45019106236368 46 1.3353101475119322
exampl 42 0.8187416684181714 46 0.5165684790937608
onli 42 0.5140298427067054
highest 42 0.5140298427067054
allow 42 0.5165684790937608 46 0.8187416684181714
activ 42 0.5165684790937608 46 2.5347450120529706
yourself 42 0.5165684790937608 43 0.5165684790937608
recogn 42 0.5140298427067054
exam 42 0.5140298427067054
php 42 0.8187416684181714 46 0.5165684790937608
scholarship 42 0.5140298427067054
which 42 0.8226886663867655 45 1.3417474239361984 46 0.8226886663867655
uphold 42 0.5140298427067054
someon 42 1.0331369581875216 46 0.5165684790937608
maintain 42 0.5140298427067054
improp 42 0.5140298427067054
citat 42 0.8187416684181714 46 0.5165684790937608
standard 42 0.5140298427067054
aisc 42 0.5140298427067054
depend 42 0.5165684790937608 46 0.5165684790937608
report 42 0.8187416684181714 46 1.7160033436347992
familiar 42 0.8226886663867655 43 0.5190587575494329 46 0.5190587575494329
own 42 1.0430049720156327 43 0.5215024860078163 46 0.5215024860078163 48 0.5215024860078163
speak 42 0.5165684790937608 49 0.5165684790937608
credit 42 0.5140298427067054
violat 42 0.5140298427067054
upon 42 0.5140298427067054
els 42 1.0331369581875216 46 0.5165684790937608
kind 42 0.5190587575494329 43 0.5190587575494329 48 0.5190587575494329
repres 42 0.5140298427067054
faculti 42 0.5165684790937608 46 0.5165684790937608
staff 42 0.5140298427067054
actual 42 0.5190587575494329 43 0.5190587575494329 46 0.8226886663867655
equal 42 0.5140298427067054
wrote 42 0.5140298427067054
regardless 42 0.5140298427067054
held 42 0.5165684790937608 49 0.5165684790937608
penalti 42 0.5165684790937608 46 0.5165684790937608
flagrant 42 0.5165684790937608 46 0.5165684790937608
notabl 42 0.5165684790937608 46 0.5165684790937608
associ 42 0.5190587575494329 45 1.645377332773531 46 0.5190587575494329
dean 42 0.5165684790937608 46 0.5165684790937608
particular 42 0.8187416684181714 46 0.5165684790937608
sever 42 0.5215024860078163 43 0.5215024860078163 46 0.8265618843552484 48 0.5215024860078163
minimum 42 0.5165684790937608 46 0.5165684790937608
punish 42 0.5165684790937608 46 0.5165684790937608
interf 42 0.5140298427067054
provid 42 0.8265618843552484 43 0.5215024860078163 46 0.5215024860078163 48 0.8265618843552484
teacher 42 0.5140298427067054
suppli 42 0.8187416684181714 43 0.5165684790937608
u2751 42 0.8147180249417223
solut 42 0.5140298427067054
fake 42 0.5140298427067054
steal 42 0.5140298427067054
result 42 0.5140298427067054
paraphras 42 0.8187416684181714 46 0.5165684790937608
anoth 42 0.5190587575494329 43 0.5190587575494329 48 0.5190587575494329
buy 42 0.5140298427067054
websit 42 0.5190587575494329 43 0.5190587575494329 46 1.457182157843505
quotat 42 0.5140298427067054
term 42 0.5165684790937608 46 0.5165684790937608
mark 42 0.5165684790937608 48 1.3353101475119322
turn 42 0.8187416684181714 46 0.5165684790937608
leav 42 0.5140298427067054
without 42 0.5190587575494329 43 0.8226886663867655 46 0.5190587575494329
acknowledg 42 0.5140298427067054
mill 42 0.5140298427067054
appropri 42 0.5165684790937608 43 0.5165684790937608
copi 42 0.5140298427067054
text 42 0.8187416684181714 46 0.5165684790937608
recal 42 0.5165684790937608 46 0.5165684790937608
heard 42 0.5165684790937608 46 0.5165684790937608
u00a0at 42 0.5190587575494329 43 0.5190587575494329 46 0.5190587575494329
against 42 0.5165684790937608 46 0.5165684790937608
guard 42 0.5165684790937608 46 0.5165684790937608
conscious 42 0.5165684790937608 46 0.5165684790937608
excel 42 1.3287478676484277
let 42 0.5190587575494329 46 0.8226886663867655 49 0.5190587575494329
summar 42 0.5165684790937608 46 0.5165684790937608
either 42 0.8226886663867655 43 0.5190587575494329 46 1.0381175150988657
gillianhay 42 0.5165684790937608 46 0.5165684790937608
borrow 42 0.5165684790937608 46 0.5165684790937608
written 42 0.5165684790937608 46 0.5165684790937608
hay 42 0.5165684790937608 46 0.5165684790937608
gillian 42 0.5165684790937608 46 0.5165684790937608
winter 42 0.5190587575494329 46 2.0762350301977315 49 0.5190587575494329
modif 42 0.5165684790937608 46 0.5165684790937608
initi 42 0.5190587575494329 46 0.5190587575494329 48 0.5190587575494329
although 42 0.5190587575494329 43 0.5190587575494329 46 0.5190587575494329
inf242w13 42 0.5165684790937608 46 0.5165684790937608
along 42 0.5165684790937608 46 0.8187416684181714
modifi 42 0.5165684790937608 46 0.8187416684181714
utc 42 0.5165684790937608 46 0.5165684790937608
242 42 0.5165684790937608 46 0.5165684790937608
advis 42 0.8226886663867655 46 0.5190587575494329 49 0.5190587575494329
version 42 0.5165684790937608 46 0.5165684790937608
u201cgener 42 0.5165684790937608 46 0.5165684790937608
my 42 0.8187416684181714 46 0.8187416684181714
slight 42 0.5165684790937608 46 0.5165684790937608
2013 42 0.5190587575494329 43 0.5190587575494329 46 0.5190587575494329
583269 42 0.5165684790937608 46 0.5165684790937608
smooth 42 0.5165684790937608 46 0.5165684790937608
19606 42 0.5165684790937608 46 0.5165684790937608
best 42 0.5190587575494329 43 0.5190587575494329 46 1.2052171120513562
invest 42 0.5165684790937608 46 0.8187416684181714
happi 42 0.5140298427067054
extrem 42 0.5140298427067054
happen 42 0.5190587575494329 43 1.3417474239361984 46 1.724275869600789
easi 42 0.5165684790937608 46 0.5165684790937608
mendeley 42 0.5140298427067054
veri 42 0.5190587575494329 43 1.2052171120513562 46 0.5190587575494329
dl 42 0.5165684790937608 46 0.5165684790937608
undertak 42 0.5165684790937608 46 0.5165684790937608
workflow 42 0.5165684790937608 46 0.5165684790937608
offici 42 0.5190587575494329 43 0.8226886663867655 46 0.8226886663867655
thousand 42 0.5165684790937608 46 0.5165684790937608
repositori 42 0.5190587575494329 43 0.5190587575494329 46 1.5571762726482987
databas 42 0.5190587575494329 46 0.5190587575494329 49 0.5190587575494329
cite 42 0.5165684790937608 46 0.5165684790937608
option 42 0.5165684790937608 46 1.7160033436347992
got 42 0.5140298427067054
reward 42 0.5165684790937608 46 0.5165684790937608
adopt 42 0.5190587575494329 46 0.5190587575494329 48 0.5190587575494329
habit 42 0.5165684790937608 46 0.5165684790937608
great 42 0.5190587575494329 43 0.5190587575494329 46 0.5190587575494329
slow 42 0.5140298427067054
intent 42 0.5165684790937608 46 0.5165684790937608
sid 42 0.5165684790937608 46 0.5165684790937608
task 42 0.5140298427067054
last 42 0.5140298427067054
jstor 42 0.5165684790937608 46 0.5165684790937608
singl 42 0.5165684790937608 46 0.5165684790937608
did 42 0.5165684790937608 46 1.0331369581875216
long 42 0.5140298427067054
instal 42 0.5190587575494329 43 0.5190587575494329 46 0.5190587575494329
oftentim 42 0.5165684790937608 46 0.5165684790937608
springer 42 0.5165684790937608 46 0.5165684790937608
u2019v 42 0.5165684790937608 48 0.5165684790937608
mention 42 0.5165684790937608 46 0.5165684790937608
pid 42 0.5165684790937608 46 0.5165684790937608
crufti 42 0.5140298427067054
endnot 42 0.5140298427067054
amaz 42 0.5165684790937608 46 0.8187416684181714
burden 42 0.5165684790937608 46 0.5165684790937608
both 42 0.5165684790937608 46 0.5165684790937608
mani 42 0.5215024860078163 43 0.8265618843552484 46 0.5215024860078163 48 0.8265618843552484
libguid 42 0.5165684790937608 46 0.5165684790937608
alon 42 0.5165684790937608 46 0.5165684790937608
overhead 42 0.5165684790937608 46 0.5165684790937608
becaus 42 0.5165684790937608 46 0.5165684790937608
scraper 42 0.5165684790937608 46 0.5165684790937608
browser 42 0.5165684790937608 46 0.5165684790937608
am 42 0.5165684790937608 46 0.5165684790937608
lib 42 0.5165684790937608 46 0.5165684790937608
strenuous 42 0.5140298427067054
stand 42 0.5165684790937608 46 0.5165684790937608
plug 42 0.5165684790937608 46 0.5165684790937608
2015 43 2.1114544632569503 47 1.7160033436347992
global 43 2.6623992698948613 46 1.2052171120513562 47 1.3417474239361984
jam 43 3.2025536054218295 46 1.3417474239361984 47 1.3417474239361984
host 43 0.5165684790937608 46 0.5165684790937608
roar 43 0.5140298427067054
site 43 1.193540333391231
u00a0click 43 0.5140298427067054
januari 43 1.0331369581875216 47 1.45019106236368
event 43 1.2052171120513562 46 0.8226886663867655 47 2.379864939035064
u00a0it 43 0.8187416684181714 46 0.8187416684181714
page 43 0.5140298427067054
ggj 43 1.45019106236368 46 0.5165684790937608
come 43 1.3480643703630646 46 1.2108912738151525 47 0.5215024860078163 49 0.5215024860078163
u00a0tak 43 0.5140298427067054
largest 43 0.5165684790937608 44 0.5165684790937608
creativ 43 1.3287478676484277
u00a0of 43 0.5140298427067054
background 43 0.5140298427067054
express 43 1.0280596854134108
multitud 43 0.5140298427067054
cycl 43 0.5140298427067054
condens 43 0.5140298427067054
weekend 43 1.193540333391231
encourag 43 0.8187416684181714 46 1.0331369581875216
hackathon 43 0.5140298427067054
spread 43 0.5140298427067054
u00a0whil 43 0.5140298427067054
heavili 43 0.5165684790937608 46 0.5165684790937608
around 43 0.5190587575494329 46 0.5190587575494329 48 0.5190587575494329
buzz 43 0.5140298427067054
u00a0gam 43 0.5140298427067054
48 43 1.0280596854134108
iter 43 0.5165684790937608 46 0.5165684790937608
stir 43 0.5140298427067054
growth 43 0.5140298427067054
artist 43 0.8147180249417223
could 43 0.8187416684181714 46 0.5165684790937608
today 43 0.5140298427067054
same 43 0.8187416684181714 46 0.5165684790937608
focus 43 0.5140298427067054
togeth 43 0.5190587575494329 46 0.5190587575494329 48 0.5190587575494329
tool 43 0.8187416684181714 44 0.5165684790937608
3000 43 0.5140298427067054
confid 43 0.5140298427067054
309 43 0.5140298427067054
sunday 43 0.5140298427067054
watch 43 0.5140298427067054
then 43 0.5165684790937608 48 0.5165684790937608
u00a0ov 43 0.5140298427067054
u00a0loc 43 0.5140298427067054
new 43 1.0478027457444137 45 1.3542654029509869 46 0.5239013728722068 48 0.8303640300787799 49 0.5239013728722068
worldwid 43 0.5140298427067054
span 43 0.5140298427067054
test 43 0.8187416684181714 46 0.8187416684181714
known 43 0.5165684790937608 46 0.5165684790937608
secret 43 0.8187416684181714 48 0.5165684790937608
63 43 0.5140298427067054
intellectu 43 0.8147180249417223
usual 43 0.8226886663867655 46 0.5190587575494329 49 0.5190587575494329
increas 43 0.5140298427067054
afternoon 43 0.5140298427067054
u00a0i 43 0.8187416684181714 46 0.8187416684181714
2014 43 0.5140298427067054
friday 43 0.5140298427067054
24 43 0.5165684790937608 46 0.5165684790937608
foster 43 0.5140298427067054
u00a0ggj 43 0.5140298427067054
near 43 0.5165684790937608 46 0.5165684790937608
invit 43 0.5215024860078163 46 0.8265618843552484 48 1.0430049720156327 49 0.5215024860078163
role 43 0.5190587575494329 45 1.3417474239361984 48 0.8226886663867655
keynot 43 0.8147180249417223
friendship 43 0.5140298427067054
u00a0countri 43 0.5140298427067054
u00a0mak 43 0.5140298427067054
advic 43 0.5140298427067054
u2026 43 0.5165684790937608 49 0.5165684790937608
skill 43 1.0280596854134108
gather 43 0.8187416684181714 48 0.5165684790937608
creat 43 1.216461316622037 44 0.5239013728722068 45 1.3542654029509869 46 1.216461316622037 48 1.0478027457444137
u00a0collabor 43 0.5140298427067054
stimul 43 0.5140298427067054
25 43 0.5165684790937608 47 0.8187416684181714
00 43 0.5140298427067054
start 43 0.5140298427067054
u00a0w 43 1.45019106236368 46 0.5165684790937608
run 43 0.5140298427067054
23rd 43 0.5140298427067054
pm 43 0.5140298427067054
everywher 43 0.5140298427067054
keycard 43 0.5140298427067054
room 43 1.0478027457444137 44 0.5239013728722068 46 1.5717041186166205 48 0.8303640300787799 49 0.5239013728722068
food 43 0.5140298427067054
drink 43 0.5140298427067054
hall 43 1.3287478676484277
even 43 0.5165684790937608 49 0.5165684790937608
okay 43 0.5140298427067054
set 43 0.5190587575494329 44 0.5190587575494329 48 0.5190587575494329
main 43 0.5140298427067054
u00a06011 43 0.5140298427067054
up 43 1.2052171120513562 46 0.5190587575494329 48 0.5190587575494329
u00a05011 43 0.5140298427067054
volunt 43 0.5140298427067054
tabl 43 0.5165684790937608 46 0.5165684790937608
lock 43 0.5140298427067054
smaller 43 0.5140298427067054
campus 43 1.3353101475119322 46 0.8187416684181714
chair 43 0.5165684790937608 49 0.5165684790937608
u00a0th 43 1.2052171120513562 46 0.8226886663867655 48 0.5190587575494329
u00a0can 43 1.6374833368363428 46 0.5165684790937608
potenti 43 0.5140298427067054
possibl 43 0.8226886663867655 46 0.5190587575494329 48 0.5190587575494329
adult 43 0.5140298427067054
restrict 43 0.8147180249417223
jammer 43 1.193540333391231
accompani 43 0.5140298427067054
give 43 0.5165684790937608 48 0.5165684790937608
age 43 0.5140298427067054
wild 43 0.5140298427067054
broader 43 0.5140298427067054
said 43 0.5140298427067054
ask 43 0.5165684790937608 46 0.8187416684181714
u00a0but 43 0.5140298427067054
industri 43 0.8187416684181714 46 0.8187416684181714
open 43 0.8187416684181714 46 0.8187416684181714
oversubscrib 43 0.5140298427067054
u00a0occup 43 0.5140298427067054
minor 43 0.5165684790937608 46 0.5165684790937608
prefer 43 0.5165684790937608 46 0.5165684790937608
u00a0howev 43 0.5140298427067054
just 43 0.8187416684181714 46 0.5165684790937608
u00a0that 43 0.5140298427067054
spare 43 0.5140298427067054
cost 43 1.1994348645410384 44 0.5165684790937608
doe 43 1.1994348645410384 49 0.5165684790937608
thank 43 0.8147180249417223
virtual 43 0.5165684790937608 46 0.5165684790937608
institut 43 0.5140298427067054
generous 43 0.5140298427067054
earli 43 0.5190587575494329 46 0.5190587575494329 48 0.5190587575494329
limit 43 0.5140298427067054
sign 43 0.5140298427067054
though 43 0.5140298427067054
u00a0pleas 43 0.5165684790937608 46 0.5165684790937608
u00a0peopl 43 1.193540333391231
team 43 1.3353101475119322 46 2.2689327307818514
succeed 43 0.5140298427067054
playtest 43 0.5190587575494329 46 1.3417474239361984 48 0.5190587575494329
gjj 43 0.5140298427067054
match 43 0.5140298427067054
rememb 43 0.5140298427067054
programm 43 1.4430642090071653
expert 43 0.5140298427067054
talent 43 0.5140298427067054
least 43 0.5165684790937608 46 0.8187416684181714
sens 43 0.5165684790937608 48 0.8187416684181714
arriv 43 1.0280596854134108
gamer 43 0.5140298427067054
rang 43 0.8187416684181714 48 0.5165684790937608
circumst 43 0.5140298427067054
fun 43 0.5165684790937608 46 0.5165684790937608
teambuild 43 0.5140298427067054
risk 43 0.5140298427067054
object 43 0.5165684790937608 46 1.3353101475119322
musician 43 0.5140298427067054
u00a0think 43 0.5140298427067054
u00a0to 43 0.5165684790937608 46 0.5165684790937608
discourag 43 0.8147180249417223
balanc 43 0.5140298427067054
ve 43 0.5165684790937608 48 0.5165684790937608
were 43 0.5165684790937608 46 0.5165684790937608
u00a0ch 43 0.5140298427067054
spot 43 0.5140298427067054
meaning 43 0.5140298427067054
plenti 43 0.5140298427067054
u00a0everyon 43 0.5140298427067054
abil 43 0.5140298427067054
made 43 0.5165684790937608 46 0.8187416684181714
realli 43 0.5165684790937608 46 0.5165684790937608
top 43 0.5165684790937608 49 0.5165684790937608
reveal 43 0.5140298427067054
spirit 43 0.5140298427067054
u00a0thi 43 0.8187416684181714 46 0.8187416684181714
noth 43 0.5140298427067054
u00a0techn 43 0.5140298427067054
stop 43 0.5140298427067054
properti 43 0.5140298427067054
employ 43 0.5140298427067054
involv 43 0.5140298427067054
conflict 43 0.5165684790937608 46 0.5165684790937608
ip 43 0.5165684790937608 46 0.5165684790937608
reason 43 0.5165684790937608 46 1.0331369581875216
ownership 43 0.5140298427067054
disput 43 0.5140298427067054
copyright 43 0.5140298427067054
u00a0ani 43 0.5140298427067054
safe 43 0.5140298427067054
condit 43 0.5140298427067054
job 43 0.5165684790937608 46 0.5165684790937608
art 43 0.5190587575494329 46 0.5190587575494329 48 0.5190587575494329
u00a0comput 43 0.5140298427067054
music 43 0.5190587575494329 48 0.5190587575494329 49 0.8226886663867655
styli 43 0.5140298427067054
brainstorm 43 0.5140298427067054
u00a0audio 43 0.5140298427067054
gear 43 0.5140298427067054
dice 43 0.5140298427067054
u00a0tablet 43 0.5140298427067054
sketch 43 0.5140298427067054
plan 43 0.5165684790937608 46 1.1994348645410384
softwar 43 0.5165684790937608 46 1.3353101475119322
record 43 0.5140298427067054
sponsor 43 1.3287478676484277
whom 43 0.5140298427067054
ke 44 2.303601808862097 48 1.3353101475119322
jing 44 2.2689327307818514 48 1.3353101475119322
generat 44 0.5140298427067054
next 44 0.5140298427067054
maker 44 0.5140298427067054
escap 44 0.5140298427067054
mix 44 0.8147180249417223
realiti 44 0.8187416684181714 48 0.5165684790937608
engin 44 0.5165684790937608 47 0.5165684790937608
mobil 44 0.5140298427067054
theatric 44 0.5165684790937608 48 1.1994348645410384
edit 44 0.5140298427067054
method 44 0.5190587575494329 46 0.8226886663867655 49 0.5190587575494329
spell 44 0.5165684790937608 48 0.8187416684181714
remot 44 0.5140298427067054
outsid 44 0.5165684790937608 46 1.1994348645410384
multiplay 44 0.5140298427067054
shoot 44 0.5165684790937608 48 0.5165684790937608
commission 44 0.5140298427067054
appli 44 0.5140298427067054
real 44 0.5140298427067054
crewview 44 0.5140298427067054
intern 44 0.5140298427067054
innov 44 0.5190587575494329 46 1.3417474239361984 48 1.2052171120513562
warlock 44 0.5140298427067054
act 44 0.5165684790937608 48 0.8187416684181714
indiecad 44 0.5215024860078163 46 1.3480643703630646 47 0.5215024860078163 48 1.2108912738151525
mr 44 0.5140298427067054
u00a0k 44 0.5140298427067054
troubl 44 0.5165684790937608 46 0.5165684790937608
scale 44 0.5140298427067054
witch 44 0.5165684790937608 48 0.5165684790937608
osram 44 0.5140298427067054
prop 44 0.5165684790937608 48 0.5165684790937608
2017 44 0.5215024860078163 46 1.3480643703630646 47 1.4640425709593199 48 1.2108912738151525
vr 44 0.5140298427067054
visual 44 0.5165684790937608 48 0.5165684790937608
transformo 44 0.5165684790937608 48 2.1943454549200943
danc 44 0.5165684790937608 48 0.5165684790937608
ar 44 0.5140298427067054
festiv 44 0.5165684790937608 46 0.5165684790937608
light 44 0.5165684790937608 48 0.8187416684181714
u00a0magia 44 0.5140298427067054
witchcraft 44 0.5140298427067054
book 44 0.5190587575494329 48 0.5190587575494329 49 0.5190587575494329
independ 44 0.5165684790937608 46 0.5165684790937608
scenic 44 0.5140298427067054
enchant 44 0.5140298427067054
commiss 44 0.5140298427067054
electrician 44 0.5140298427067054
user 44 0.5165684790937608 46 1.1994348645410384
costum 44 0.5190587575494329 47 0.8226886663867655 48 1.0381175150988657
homepag 44 1.1994348645410384 49 1.1994348645410384
subcultur 45 1.7075701760979363
defamiliar 45 1.3287478676484277
re 45 1.3353101475119322 46 0.5165684790937608
normat 45 1.3287478676484277
prep 45 1.3353101475119322 46 0.5165684790937608
margin 45 1.3287478676484277
surviv 45 1.3287478676484277
popular 45 1.3287478676484277
diy 45 1.3287478676484277
rhetor 45 1.3287478676484277
monocultur 45 1.3287478676484277
techno 45 1.3287478676484277
hack 45 1.3287478676484277
alongsid 45 1.3287478676484277
path 45 1.3287478676484277
decis 45 1.3287478676484277
shape 45 1.3287478676484277
social 45 1.3417474239361984 48 0.5190587575494329 49 0.8226886663867655
non 45 1.3287478676484277
steampunk 45 1.3287478676484277
fandom 45 1.3287478676484277
cosplay 45 1.3287478676484277
conceptu 45 1.3287478676484277
ideolog 45 1.3287478676484277
implic 45 1.3287478676484277
capston 46 2.292280933489438
169 46 2.2577822339488876
cgs 46 2.1835615115648923
2016 46 1.1994348645410384 47 1.45019106236368
u00a0fal 46 1.193540333391231
ttanen 46 0.5140298427067054
u00a0calvin 46 1.193540333391231
liu 46 1.193540333391231
gmail 46 0.5140298427067054
calvinliu20503 46 0.5140298427067054
thur 46 0.5140298427067054
tu 46 0.5140298427067054
00am 46 0.5140298427067054
various 46 1.3287478676484277
below 46 1.4430642090071653
270 46 0.5140298427067054
ssl 46 0.5140298427067054
appoint 46 0.5140298427067054
u00a0http 46 0.8147180249417223
extern 46 2.387080666782462
logist 46 2.4971472067975897
hardwar 46 0.5165684790937608 48 0.5165684790937608
scene 46 0.5140298427067054
full 46 0.5165684790937608 49 0.5165684790937608
trend 46 0.5140298427067054
implement 46 0.5140298427067054
util 46 0.5140298427067054
sound 46 0.5165684790937608 48 0.5165684790937608
emphasi 46 0.5165684790937608 48 0.5165684790937608
level 46 0.8147180249417223
cut 46 0.5140298427067054
philosophi 46 1.193540333391231
u201clearn 46 0.5140298427067054
wide 46 0.5165684790937608 48 0.5165684790937608
pretti 46 0.5140298427067054
genr 46 0.5165684790937608 48 0.5165684790937608
region 46 0.5165684790937608 47 0.5165684790937608
u00a0complet 46 0.5140298427067054
attempt 46 0.5140298427067054
u00a0quart 46 1.3287478676484277
nation 46 0.5140298427067054
proud 46 0.5140298427067054
publish 46 0.5140298427067054
market 46 0.5140298427067054
fall 46 2.356807553061838
refin 46 0.5140298427067054
conceiv 46 0.5140298427067054
piec 46 0.5165684790937608 48 0.5165684790937608
mechan 46 0.8187416684181714 49 0.5165684790937608
playabl 46 1.4430642090071653
local 46 0.8147180249417223
approach 46 0.5165684790937608 49 0.8187416684181714
entir 46 0.5140298427067054
core 46 0.8147180249417223
featur 46 0.8147180249417223
portfolio 46 0.5140298427067054
won 46 0.5140298427067054
u00a0som 46 0.5140298427067054
mandatori 46 1.3287478676484277
showcas 46 1.7782510907827331
area 46 0.8147180249417223
past 46 0.5165684790937608 47 1.1994348645410384
high 46 1.5571762726482987 47 0.5190587575494329 48 0.5190587575494329
ggjs 46 0.5140298427067054
u00a0previ 46 0.5140298427067054
ll 46 0.5140298427067054
u00a0ordinarili 46 0.5140298427067054
colleagu 46 0.5140298427067054
bond 46 0.5140298427067054
u00a0mor 46 0.5140298427067054
20 46 1.3353101475119322 47 0.5165684790937608
u00a0januari 46 0.5140298427067054
row 46 0.5140298427067054
pre 46 0.5140298427067054
coordin 46 0.5140298427067054
22 46 0.5165684790937608 47 0.8187416684181714
colleg 46 0.8187416684181714 49 0.5165684790937608
burner 46 0.5140298427067054
compani 46 0.5165684790937608 49 0.5165684790937608
turnout 46 0.5140298427067054
now 46 0.8147180249417223
cobweb 46 0.5140298427067054
detail 46 1.0280596854134108
third 46 0.5165684790937608 49 0.5165684790937608
u00a0capston 46 1.193540333391231
us 46 0.5140298427067054
demo 46 0.5140298427067054
previous 46 1.0280596854134108
5pm 46 1.4430642090071653
hope 46 0.5165684790937608 48 0.5165684790937608
march 46 1.4430642090071653
6011 46 1.4430642090071653
ivecg 46 0.5140298427067054
wednesday 46 1.4430642090071653
u00a0mentor 46 0.5140298427067054
u00a0each 46 0.5140298427067054
across 46 0.8147180249417223
15th 46 1.45019106236368 47 0.5165684790937608
rather 46 0.5140298427067054
guest 46 1.4430642090071653
blizzard 46 1.4430642090071653
u00a0set 46 0.5140298427067054
u00a0wil 46 0.5140298427067054
done 46 0.8147180249417223
join 46 0.8147180249417223
minut 46 0.5140298427067054
assembl 46 0.5140298427067054
u00a0someon 46 0.5140298427067054
famili 46 0.5140298427067054
feel 46 0.5140298427067054
friend 46 0.5140298427067054
oc 46 1.193540333391231
ieee 46 1.193540333391231
gamesig 46 1.193540333391231
live 46 0.5190587575494329 48 0.5190587575494329 49 0.5190587575494329
counti 46 0.5165684790937608 47 0.5165684790937608
goe 46 0.5140298427067054
annual 46 0.5140298427067054
quit 46 0.5140298427067054
u00a0detail 46 0.5140298427067054
orang 46 0.5165684790937608 47 0.5165684790937608
still 46 0.8147180249417223
backyard 46 0.5140298427067054
biggest 46 0.5140298427067054
right 46 1.0331369581875216 48 0.5165684790937608
ambiti 46 0.5140298427067054
venu 46 0.5140298427067054
u00a0submiss 46 0.5140298427067054
consult 46 0.5140298427067054
mentor 46 1.9667595414574408 48 0.5165684790937608
twice 46 0.5140298427067054
between 46 0.5165684790937608 48 0.5165684790937608
u00a0thursday 46 0.5140298427067054
occasion 46 0.5140298427067054
tuesday 46 1.9570940517138706
u00a0everi 46 0.5140298427067054
syllabus 46 0.5140298427067054
github 46 1.3287478676484277
store 46 0.5140298427067054
privat 46 0.5140298427067054
code 46 1.0280596854134108
track 46 1.0280596854134108
list 46 0.8147180249417223
asset 46 0.5140298427067054
cog 46 1.3287478676484277
170 46 1.193540333391231
rule 46 0.5140298427067054
key 46 0.5140298427067054
folk 46 0.5140298427067054
wisdom 46 0.5140298427067054
lot 46 0.5140298427067054
entertain 46 0.5140298427067054
float 46 0.5140298427067054
commit 46 0.5140298427067054
offer 46 0.5140298427067054
breakdown 46 1.3287478676484277
u00a0wint 46 1.193540333391231
overal 46 0.8147180249417223
gain 46 0.5140298427067054
u00a0unlik 46 0.5140298427067054
55 46 0.5140298427067054
true 46 0.8147180249417223
solicit 46 0.8147180249417223
return 46 0.8187416684181714 48 0.5165684790937608
ta 46 0.8147180249417223
status 46 1.6294360498834446
brief 46 0.8147180249417223
googl 46 0.8147180249417223
statement 46 0.8147180249417223
u00a080 46 1.193540333391231
probabl 46 0.5140298427067054
gameplay 46 1.1994348645410384 48 1.3353101475119322
mood 46 1.193540333391231
aesthet 46 1.193540333391231
audio 46 1.193540333391231
scaffold 46 1.193540333391231
bookmark 46 1.193540333391231
accomplish 46 1.1994348645410384 48 0.5165684790937608
technic 46 1.1994348645410384 48 0.5165684790937608
breadth 46 1.193540333391231
reserv 46 0.5140298427067054
peer 46 0.5140298427067054
compar 46 0.5140298427067054
becom 46 0.5140298427067054
poor 46 0.5140298427067054
motion 46 0.8147180249417223
john 46 0.8187416684181714 49 2.336729519726769
closer 46 0.5140298427067054
crawford 46 0.8147180249417223
sometim 46 0.5165684790937608 49 0.5165684790937608
trip 46 0.5140298427067054
captur 46 1.0280596854134108
studio 46 0.8187416684181714 49 0.5165684790937608
17 46 0.5140298427067054
01 46 1.3287478676484277
reassign 46 0.5140298427067054
tbd 46 0.5140298427067054
rotat 46 1.3287478676484277
31 46 0.5165684790937608 47 0.8187416684181714
flanagan 46 0.5140298427067054
danni 46 0.5140298427067054
specialist 46 0.5140298427067054
u00a0univers 46 0.5140298427067054
mid 46 0.5140298427067054
town 46 0.5140298427067054
cancel 46 0.5140298427067054
josh 46 0.5165684790937608 48 1.3353101475119322
tissu 46 0.5140298427067054
21 46 0.5140298427067054
03 46 1.3287478676484277
interview 46 0.5140298427067054
mock 46 0.5140298427067054
tour 46 0.5165684790937608 47 0.5165684790937608
dbh 46 1.3287478676484277
u00a0for 46 0.5140298427067054
handbook 46 0.5140298427067054
u00a0would 46 0.5140298427067054
u00a0unless 46 0.5140298427067054
disclos 46 0.5140298427067054
uncomfort 46 0.5140298427067054
situat 46 0.5140298427067054
too 46 0.5140298427067054
u00a0befor 46 0.5140298427067054
adjust 46 0.5140298427067054
arrang 46 0.5140298427067054
behind 46 0.5140298427067054
u201cwhi 46 0.5140298427067054
avail 46 0.5140298427067054
explain 46 0.5140298427067054
couldn 46 0.5140298427067054
hospit 46 0.5140298427067054
legitim 46 0.5140298427067054
seek 46 0.5165684790937608 49 0.5165684790937608
mental 46 0.5140298427067054
advanc 46 0.5140298427067054
health 46 0.5140298427067054
caus 46 0.5140298427067054
harm 46 0.5140298427067054
purs 46 0.5140298427067054
trial 46 0.5140298427067054
degre 46 0.5140298427067054
serious 46 0.5140298427067054
old 46 1.1994348645410384 49 0.5165684790937608
info 46 1.193540333391231
169a 46 0.5140298427067054
169b 46 0.5140298427067054
unoffici 46 0.5140298427067054
tentat 46 0.8147180249417223
45 46 0.5140298427067054
weight 46 0.5140298427067054
state 46 0.5140298427067054
resolv 46 0.5140298427067054
second 46 0.5140298427067054
sheet 46 1.193540333391231
6pm 46 1.193540333391231
4pm 46 1.193540333391231
color 46 0.5165684790937608 48 1.0331369581875216
u00a0ther 46 0.5140298427067054
throughout 46 0.5140298427067054
chang 46 0.5165684790937608 48 1.3353101475119322
attent 46 0.5140298427067054
press 47 1.6294360498834446
upcom 47 1.193540333391231
wearabl 47 1.0280596854134108
octob 47 0.8147180249417223
panel 47 0.5140298427067054
27 47 0.8147180249417223
workshop 47 0.5140298427067054
februari 47 0.8147180249417223
reclaim 47 0.5140298427067054
u00a 47 0.5140298427067054
olympiad 47 0.5140298427067054
200 47 0.5140298427067054
preview 47 0.5140298427067054
150 47 0.5140298427067054
29 47 0.5140298427067054
deux 47 0.5140298427067054
tpl 47 0.5140298427067054
park 47 0.5140298427067054
9a 47 0.5140298427067054
3p 47 0.5140298427067054
oct 47 0.5140298427067054
aldrich 47 0.5140298427067054
middl 47 0.5140298427067054
schooler 47 0.5140298427067054
evok 47 0.5165684790937608 49 0.5165684790937608
29th 47 0.5140298427067054
calit2 47 0.5140298427067054
juli 47 0.5140298427067054
tei 47 0.5140298427067054
magia 48 2.1835615115648923
glow 48 0.5140298427067054
ritual 48 0.8147180249417223
altar 48 0.8147180249417223
guidanc 48 0.5140298427067054
magic 48 1.3287478676484277
unlock 48 0.8147180249417223
hat 48 1.0280596854134108
laid 48 0.5140298427067054
rack 48 0.5140298427067054
chant 48 0.5140298427067054
welcom 48 0.5140298427067054
arcan 48 0.5140298427067054
voic 48 0.5140298427067054
furnish 48 0.5140298427067054
chamber 48 0.5140298427067054
emit 48 0.5140298427067054
flame 48 0.8147180249417223
mytholog 48 0.5140298427067054
mytho 48 0.5140298427067054
item 48 0.5140298427067054
sanctifi 48 0.5140298427067054
discov 48 0.8147180249417223
alistair 48 0.5140298427067054
spellbook 48 1.0280596854134108
cloak 48 1.0280596854134108
hidden 48 0.8147180249417223
cast 48 0.8147180249417223
mysteri 48 0.5140298427067054
circl 48 0.5140298427067054
figur 48 0.5140298427067054
societi 48 0.5140298427067054
floor 48 0.5140298427067054
neophyt 48 0.5140298427067054
cauldron 48 0.8147180249417223
garment 48 0.5140298427067054
pick 48 0.5140298427067054
attir 48 0.8147180249417223
swoop 48 0.5140298427067054
mask 48 0.5140298427067054
train 48 0.5140298427067054
makeup 48 0.5140298427067054
ident 48 0.8147180249417223
themselv 48 0.5140298427067054
imaginari 48 0.5165684790937608 49 0.8187416684181714
languag 48 0.5140298427067054
draw 48 0.8147180249417223
permiss 48 0.5140298427067054
u201cbecom 48 0.5140298427067054
fulli 48 0.5140298427067054
actor 48 0.8147180249417223
theater 48 0.5140298427067054
dramat 48 0.5140298427067054
oneself 48 0.5140298427067054
techniqu 48 0.5140298427067054
sensat 48 0.5140298427067054
embrac 48 0.8147180249417223
mirror 48 0.5140298427067054
stage 48 0.5140298427067054
twirl 48 0.5140298427067054
identif 48 0.5140298427067054
intersect 48 0.5140298427067054
u00a0cr 48 0.5140298427067054
novel 48 0.5140298427067054
u201coutsid 48 0.5140298427067054
beyond 48 0.5140298427067054
profil 48 0.5140298427067054
interconnect 48 0.5140298427067054
u201cescap 48 0.5140298427067054
demonstr 48 0.5140298427067054
prolifer 48 0.5140298427067054
suggest 48 0.8147180249417223
u00e9mon 48 0.5140298427067054
rich 48 0.8147180249417223
element 48 0.8147180249417223
u201caug 48 0.5140298427067054
illumin 48 0.5140298427067054
literaci 48 0.5140298427067054
intend 48 0.5140298427067054
pok 48 0.5140298427067054
extend 48 0.5140298427067054
fit 48 0.5140298427067054
complex 48 0.5140298427067054
screen 48 0.5165684790937608 49 0.5165684790937608
hybrid 48 0.5140298427067054
neat 48 0.5140298427067054
failur 48 0.5140298427067054
self 48 0.5140298427067054
percept 48 0.5140298427067054
eager 48 0.5140298427067054
kinect 48 0.8147180249417223
wear 48 0.5140298427067054
u201cneopixel 48 0.5140298427067054
instruct 48 0.5140298427067054
incorpor 48 0.5140298427067054
atmospher 48 0.5140298427067054
conspir 48 0.5140298427067054
abov 48 0.5140298427067054
spoken 48 0.5140298427067054
fan 48 0.5140298427067054
mount 48 0.5140298427067054
medallion 48 0.5140298427067054
beacon 48 0.5140298427067054
arduino 48 0.5140298427067054
alter 48 0.5140298427067054
microcontrol 48 0.5140298427067054
inher 48 0.5140298427067054
tag 48 0.5140298427067054
server 48 0.5140298427067054
blown 48 0.5140298427067054
equip 48 0.5140298427067054
rfid 48 0.5140298427067054
ambienc 48 0.5140298427067054
silk 48 0.5140298427067054
upward 48 0.5140298427067054
android 48 0.5140298427067054
fire 48 0.5140298427067054
u201cmag 48 0.5140298427067054
transmit 48 0.5140298427067054
circular 48 0.5140298427067054
ring 48 0.5140298427067054
simul 48 0.5140298427067054
taken 48 0.5140298427067054
respond 48 0.5140298427067054
phone 48 0.5140298427067054
creator 48 1.193540333391231
technologist 48 0.5140298427067054
nygaard 48 1.3287478676484277
natali 48 1.3287478676484277
jongka 48 1.3287478676484277
vincent 48 1.3287478676484277
pareja 48 1.3287478676484277
justin 48 1.3287478676484277
avila 48 1.3287478676484277
graphic 48 0.5140298427067054
karen 48 1.3287478676484277
ux 48 0.5140298427067054
seberg 49 2.2577822339488876
insepar 49 0.5140298427067054
construct 49 0.5140298427067054
dissert 49 0.8147180249417223
theorist 49 0.5140298427067054
multidisciplinari 49 0.5140298427067054
pride 49 0.5140298427067054
himself 49 0.8147180249417223
somewhat 49 0.5140298427067054
historiographi 49 0.5140298427067054
lens 49 0.5140298427067054
archiv 49 0.5140298427067054
phenomenolog 49 0.5140298427067054
unorthodox 49 0.5140298427067054
u2018know 49 0.5140298427067054
abd 49 0.5140298427067054
persist 49 0.5140298427067054
notion 49 0.5140298427067054
u2018b 49 0.5140298427067054
epistemolog 49 0.5140298427067054
discurs 49 0.5140298427067054
broadcast 49 0.5140298427067054
squeez 49 0.5140298427067054
few 49 0.5140298427067054
nb 49 0.5140298427067054
piano 49 0.5140298427067054
guitar 49 0.5140298427067054
fiance 49 0.5140298427067054
commerci 49 0.5140298427067054
corpor 49 0.5140298427067054
ambient 49 0.5140298427067054
beach 49 0.5140298427067054
minimalist 49 0.5140298427067054
ba 49 0.5140298427067054
mainten 49 0.5140298427067054
strip 49 0.5140298427067054
keel 49 0.5140298427067054
hobbi 49 0.5140298427067054
firm 49 0.5140298427067054
furnitur 49 0.5140298427067054
comic 49 0.5140298427067054
vari 49 0.5140298427067054
block 49 0.5140298427067054
band 49 0.5140298427067054
cinema 49 0.5140298427067054
kenyon 49 0.5140298427067054
law 49 0.5140298427067054
larg 49 0.5140298427067054
mlis 49 0.5140298427067054
pittsburgh 49 0.5140298427067054
hollywood 49 0.5140298427067054
cat 49 0.5140298427067054
instrument 49 0.5140298427067054
detect 49 0.5140298427067054
honest 49 0.5140298427067054
linus 49 0.5140298427067054
psycholog 49 0.5140298427067054
msc 49 0.5140298427067054
compos 49 0.5140298427067054
garden 49 0.5140298427067054
posit 49 0.5140298427067054
intel 49 0.5140298427067054
tier 49 0.5140298427067054
former 49 0.5140298427067054
peter 49 0.5140298427067054
krapp 49 0.5140298427067054
interdisciplinari 49 0.5140298427067054
geoffrey 49 0.5140298427067054
award 49 0.5140298427067054
simon 49 0.5140298427067054
committe 49 0.5140298427067054
america 49 0.5140298427067054
substanti 49 0.5140298427067054
north 49 0.5140298427067054
numer 49 0.5140298427067054
fellowship 49 0.5140298427067054
tess 49 0.5140298427067054
australia 49 0.5140298427067054
gift 49 0.5140298427067054
scandinavia 49 0.5140298427067054
bowker 49 0.5140298427067054
penni 49 0.5140298427067054
fellow 49 0.5140298427067054
recipi 49 0.5140298427067054
