ic 0 1.0994978993353877 1 0.39164905395343774 2 1.600850954845526 3 0.39164905395343774 4 0.39164905395343774 5 0.39164905395343774 6 0.39164905395343774 7 0.7832981079068755 8 0.39164905395343774 9 0.39164905395343774
content 0 0.39164905395343774 1 0.39164905395343774 2 0.6207490639591157 3 0.39164905395343774 4 0.39164905395343774 5 0.39164905395343774 6 0.39164905395343774 7 0.7832981079068755 8 0.39164905395343774 9 0.39164905395343774
edu 0 0.39164905395343774 1 0.39164905395343774 2 0.9093809417105436 3 0.39164905395343774 4 0.39164905395343774 5 0.39164905395343774 6 0.39164905395343774 7 0.6207490639591157 8 0.39164905395343774 9 0.39164905395343774
class 0 1.516887670582972 2 1.4244590730198332 7 1.3983024623933775
transformativeplay 0 0.39164905395343774 1 0.39164905395343774 2 0.6207490639591157 3 0.39164905395343774 4 0.39164905395343774 5 0.39164905395343774 6 0.39164905395343774 7 0.39164905395343774 8 0.39164905395343774 9 0.39164905395343774
https 0 0.39164905395343774 1 0.39164905395343774 2 0.39164905395343774 3 0.39164905395343774 4 0.39164905395343774 5 0.39164905395343774 6 0.39164905395343774 7 0.39164905395343774 8 0.39164905395343774 9 0.39164905395343774
url 0 0.39164905395343774 1 0.39164905395343774 2 0.39164905395343774 3 0.39164905395343774 4 0.39164905395343774 5 0.39164905395343774 6 0.39164905395343774 7 0.39164905395343774 8 0.39164905395343774 9 0.39164905395343774
uci 0 0.39164905395343774 1 0.39164905395343774 2 1.1749471618603131 3 1.1749471618603131 4 0.39164905395343774 5 0.39164905395343774 6 0.39164905395343774 7 1.0123981179125534 8 0.39164905395343774 9 0.39164905395343774
play 0 1.5301300056696594 1 1.5301300056696594 2 1.7716487605894913 3 1.6331471818716692 4 1.566596215813751 5 1.5301300056696594 6 1.5301300056696594 7 1.6636967919029593 8 1.8827960072422631 9 1.9026236608654936
transform 0 1.5301300056696594 1 1.5301300056696594 2 1.5301300056696594 3 1.566596215813751 4 1.5301300056696594 5 1.5301300056696594 6 1.5301300056696594 7 1.566596215813751 8 1.600850954845526 9 1.9026236608654936
lab 0 1.5301300056696594 1 1.5301300056696594 2 1.5301300056696594 3 1.746532174609345 4 1.5301300056696594 5 1.5301300056696594 6 1.566596215813751 7 1.6331471818716692 8 1.5301300056696594 9 1.5301300056696594
the 0 1.5301300056696594 1 1.566596215813751 2 2.253896245830785 3 1.8187618834210872 4 1.566596215813751 5 1.5301300056696594 6 1.566596215813751 7 2.3039315850283315 8 2.3319553520160694 9 1.692679049617419
of 0 0.39164905395343774 1 1.0123981179125534 2 1.8187618834210872 3 1.0123981179125534 4 1.0123981179125534 5 1.4040471718659913 6 0.6207490639591157 7 2.138181228562783 8 2.243334627150222 9 1.0994978993353877
depart 0 0.39164905395343774 1 0.6207490639591157 2 0.39164905395343774 3 0.6207490639591157 4 0.6207490639591157 5 1.4040471718659913 6 0.39164905395343774 7 0.6207490639591157 8 0.39164905395343774 9 0.39164905395343774
informat 0 0.6207490639591157 1 0.7832981079068755 2 0.39164905395343774 3 0.6207490639591157 4 0.7832981079068755 5 1.4040471718659913 6 0.39164905395343774 7 1.0123981179125534 8 0.6207490639591157 9 0.39164905395343774
irvin 0 0.39164905395343774 1 0.6207490639591157 2 0.6207490639591157 3 0.7832981079068755 4 0.7832981079068755 5 1.4040471718659913 6 0.39164905395343774 7 0.7832981079068755 8 0.6207490639591157 9 0.39164905395343774
uc 0 0.39164905395343774 1 0.39164905395343774 2 0.39164905395343774 3 0.7832981079068755 4 0.6207490639591157 5 1.4040471718659913 6 0.39164905395343774 7 0.6207490639591157 8 0.39164905395343774 9 0.39164905395343774
at 0 0.39164905395343774 1 0.39164905395343774 2 1.0994978993353877 3 0.7832981079068755 4 0.6207490639591157 5 1.4040471718659913 6 0.6207490639591157 7 1.4911469532888253 8 1.4911469532888253 9 1.0994978993353877
2020 0 0.727902249660543
winter 0 1.557225979583978 2 0.3353303625148477 7 1.06297209987853
fall 0 1.4102520052616876 2 0.3450189176105873 7 0.3450189176105873 8 0.3450189176105873
2019 0 0.9937411691971415
2018 0 1.06297209987853 6 0.3353303625148477 7 0.3353303625148477
game 0 1.1112061004017564 2 2.0221845731186665 3 1.675536547038618 4 1.0398499717944356 7 1.1112061004017564 8 1.7200937758220436 9 0.9574753667037095
project 0 1.0350567528317618 2 1.146128035678238 7 1.3136094741676563 9 1.0936840929043659
capston 0 0.7543153202292586 7 0.3248659258183663
169 0 0.727902249660543
comput 0 1.1112061004017564 1 0.37040203346725215 2 0.5870733332364573 4 0.37040203346725215 6 0.37040203346725215 7 0.37040203346725215 8 1.5445486999401667
undergradu 0 1.0059910875445432 3 0.531486049939265 7 0.6706607250296954
scienc 0 0.8600468879110218 1 0.37040203346725215 2 0.37040203346725215 4 0.37040203346725215 6 0.37040203346725215 7 0.37040203346725215 8 0.9574753667037095
u00a0class 0 0.6269808709953645
190 0 0.5149003101841715 7 0.7543153202292586
mix 0 0.3353303625148477 2 0.3353303625148477 8 0.3353303625148477
inf 0 0.9413913437214185 2 0.3353303625148477 7 0.3353303625148477
graduat 0 0.8918609640627702 2 0.3450189176105873 4 0.3450189176105873 7 0.5468420464521829
295 0 0.5149003101841715 7 0.7543153202292586
ar 0 0.3248659258183663 7 1.4695511428512016
theater 0 0.3353303625148477 7 1.4728773936606834 9 0.8668164124541127
vr 0 0.3248659258183663 7 1.4894980876392705
2017 0 1.06297209987853 3 0.8668164124541127 8 0.6706607250296954
seminar 0 0.727902249660543
introduct 0 0.3248659258183663 8 0.5149003101841715
to 0 0.5870733332364573 2 1.7410524297896979 3 0.8600468879110218 6 0.37040203346725215 7 1.8844065815882098 8 1.3706503963224457 9 0.9574753667037095
ubiquit 0 0.778612989791989 2 1.3983024623933775 8 0.531486049939265
241 0 0.31349043549768224
2016 0 1.2767217062362661 2 0.3450189176105873 6 0.3450189176105873 8 0.968590556557069
and 0 0.7698863819002608 1 0.6101205225639003 2 2.2738173144668594 3 0.9950637135140307 4 0.6101205225639003 6 0.3849431909501304 7 2.4737468605653827 8 2.0757358753404396 9 0.9950637135140307
interact 0 0.5468420464521829 3 0.3450189176105873 8 1.7973599615521312 9 0.8918609640627702
u00a0 0 0.7080774932279559 2 1.4763150209849263 3 0.9939124179058558 7 1.9555549517670772 8 1.2247728342591138
242 0 0.531486049939265 2 0.3353303625148477 7 0.3353303625148477
spring 0 1.029800620368343 7 1.029800620368343
design 0 0.37040203346725215 2 1.3278774001709617 3 1.1112061004017564 4 0.37040203346725215 7 1.1741466664729145 8 1.8175222546147312 9 0.9574753667037095
mobil 0 0.3248659258183663 2 1.4040471718659913
163 0 0.3248659258183663 2 1.3278774001709617
media 0 0.35403874661397794 2 0.5611381371854742 3 0.35403874661397794 7 0.35403874661397794 8 0.5611381371854742
digit 0 0.3624762331578262 2 0.574511236957813 3 0.3624762331578262 6 0.3624762331578262 7 0.3624762331578262 8 1.511498707073452
2015 0 1.06297209987853 4 0.3353303625148477 8 0.8668164124541127
u00a0speci 0 0.31349043549768224
from 0 0.3624762331578262 2 0.574511236957813 3 0.3624762331578262 4 0.3624762331578262 7 1.149022473915626 9 0.9369874701156392
pitchabl 0 0.31349043549768224
prototyp 0 0.3248659258183663 7 0.6497318516367326
in 0 0.377874676768363 1 0.377874676768363 2 1.7093395119867076 3 0.9767918694183463 4 0.377874676768363 6 0.5989171926499832 7 1.6597455263965735 8 2.0752322136349095
concept 0 0.3450189176105873 2 0.3450189176105873 7 0.3450189176105873 8 0.5468420464521829
by 0 0.39164905395343774 1 0.39164905395343774 2 1.2414981279182313 3 0.6207490639591157 4 0.39164905395343774 5 0.39164905395343774 6 0.6207490639591157 7 1.0994978993353877 8 0.6207490639591157 9 0.39164905395343774
theme 0 0.39164905395343774 1 0.39164905395343774 2 0.39164905395343774 3 0.39164905395343774 4 0.39164905395343774 5 0.39164905395343774 6 0.39164905395343774 7 0.39164905395343774 8 0.6207490639591157 9 0.39164905395343774
themeegg 0 0.39164905395343774 1 0.39164905395343774 2 0.39164905395343774 3 0.39164905395343774 4 0.39164905395343774 5 0.39164905395343774 6 0.39164905395343774 7 0.39164905395343774 8 0.39164905395343774 9 0.39164905395343774
norton 1 1.376949501710971
juliet 1 1.376949501710971
candid 1 0.31349043549768224
phd 1 0.49687058459857075
school 1 0.3450189176105873 2 0.3450189176105873 4 0.5468420464521829 7 0.5468420464521829
inform 1 0.574511236957813 2 0.574511236957813 4 0.574511236957813 6 0.3624762331578262 7 0.574511236957813 8 0.3624762331578262
bren 1 0.3353303625148477 4 0.3353303625148477 7 0.3353303625148477
donald 1 0.3353303625148477 4 0.3353303625148477 7 0.3353303625148477
univers 1 0.3450189176105873 3 0.3450189176105873 4 0.5468420464521829 6 0.3450189176105873
california 1 0.3450189176105873 3 0.3450189176105873 4 0.3450189176105873 8 0.3450189176105873
agricultur 1 0.31349043549768224
grassroot 1 0.31349043549768224
intersect 1 0.3248659258183663 7 0.3248659258183663
student 1 0.35403874661397794 2 1.26921563041343 3 0.7080774932279559 6 0.35403874661397794 7 1.644105024883407
sustain 1 0.3248659258183663 8 0.7543153202292586
system 1 0.3450189176105873 2 0.6900378352211746 3 0.5468420464521829 8 1.146128035678238
research 1 0.35403874661397794 4 0.5611381371854742 6 0.35403874661397794 7 0.5611381371854742 8 1.0621162398419337
is 1 0.3624762331578262 2 1.723533710873439 3 1.2041199826559248 4 0.3624762331578262 6 0.3624762331578262 7 1.9419852695811233
majorspr 2 0.31349043549768224
theresa 2 0.3353303625148477 7 0.3353303625148477 8 1.3413214500593909
hour 2 0.3248659258183663 7 0.3248659258183663
270offic 2 0.31349043549768224
u00a0http 2 0.5149003101841715 7 0.5149003101841715
ttanen 2 0.31349043549768224
30 2 0.3248659258183663 3 0.3248659258183663
eduteach 2 0.31349043549768224
edutu 2 0.31349043549768224
gardneremail 2 0.31349043549768224
appointmentcours 2 0.31349043549768224
assist 2 0.5468420464521829 3 0.3450189176105873 4 0.5468420464521829 7 0.3450189176105873
websit 2 1.029800620368343 7 0.8397662360025379
email 2 0.31349043549768224
dlgardn 2 0.31349043549768224
professor 2 0.531486049939265 4 0.531486049939265 7 0.6706607250296954
ssl 2 0.31349043549768224
50pmlocat 2 0.31349043549768224
jean 2 0.3353303625148477 7 0.3353303625148477 8 1.5944581498177948
daniel 2 0.31349043549768224
tanenbaum 2 0.3450189176105873 3 0.5468420464521829 7 0.3450189176105873 8 2.1423788791627185
thur 2 0.31349043549768224
12 2 0.3248659258183663 8 0.7543153202292586
descript 2 0.7543153202292586 7 0.7543153202292586
catalog 2 0.727902249660543
relationship 2 0.31349043549768224
technolog 2 0.6900378352211746 6 0.5468420464521829 7 0.5468420464521829 8 1.1935693526100823
locat 2 0.8918609640627702 7 0.3450189176105873 8 0.3450189176105873 9 0.8918609640627702
signific 2 0.31349043549768224
gameplay 2 0.5149003101841715 8 0.3248659258183663
base 2 0.6706607250296954 7 0.3353303625148477 8 0.6706607250296954
studi 2 0.5611381371854742 4 0.9151768837994522 7 0.35403874661397794 8 0.9939124179058558 9 0.9151768837994522
use 2 0.9939124179058558 3 0.5611381371854742 7 1.3831906496271777 8 0.8220525124417035 9 0.9151768837994522
realiti 2 0.3353303625148477 7 0.9413913437214185 8 0.531486049939265
limit 2 0.3353303625148477 7 0.8668164124541127 8 0.3353303625148477
urban 2 0.31349043549768224
their 2 0.3353303625148477 3 0.531486049939265 7 1.1600524587729715
infrastructur 2 0.31349043549768224
includ 2 0.5468420464521829 3 0.3450189176105873 6 0.3450189176105873 7 0.5468420464521829
case 2 0.9413913437214185 7 0.531486049939265 8 0.6706607250296954
object 2 0.8011091180676507 3 0.3450189176105873 7 0.3450189176105873 8 0.3450189176105873
philosophi 2 0.7543153202292586 7 0.7543153202292586
cours 2 1.5086306404585172 7 1.804496649840632
that 2 1.4816081338690086 3 0.574511236957813 6 0.3624762331578262 7 1.5397727638005216 8 0.3624762331578262 9 0.9369874701156392
mani 2 0.49687058459857075
test 2 0.3248659258183663 7 0.3248659258183663
our 2 0.35403874661397794 3 0.35403874661397794 6 0.35403874661397794 7 1.1222762743709485 8 0.35403874661397794
be 2 1.4911469532888253 3 0.5468420464521829 7 1.7092914486400446 9 0.8918609640627702
we 2 0.8918609640627702 7 1.5154326030092522 8 0.3450189176105873 9 0.8918609640627702
combin 2 0.6269808709953645
abl 2 0.49687058459857075
u2013 2 0.6900378352211746 3 0.3450189176105873 7 1.937181113114138 8 1.0936840929043659
within 2 0.5468420464521829 4 0.3450189176105873 7 0.5468420464521829 8 0.3450189176105873
current 2 0.3353303625148477 6 0.531486049939265 7 0.6706607250296954
implement 2 0.8800789171124
exist 2 0.3248659258183663 7 0.3248659258183663
new 2 0.5468420464521829 3 0.5468420464521829 7 1.0350567528317618 8 0.5468420464521829
challeng 2 0.3248659258183663 3 0.3248659258183663
introduc 2 0.31349043549768224
opportun 2 0.5468420464521829 3 0.3450189176105873 7 0.3450189176105873 8 0.3450189176105873
space 2 0.3353303625148477 3 0.531486049939265 8 0.3353303625148477
will 2 1.557225979583978 3 0.3353303625148477 7 1.7200043335134074
own 2 0.531486049939265 3 0.3353303625148477 7 0.9413913437214185
classic 2 0.31349043549768224
this 2 1.3136094741676563 3 0.5468420464521829 7 1.5385882702206695 8 0.3450189176105873
you 2 1.3983024623933775 3 0.9413913437214185 7 1.1600524587729715
analog 2 0.5149003101841715 4 0.7543153202292586
should 2 0.8668164124541127 7 0.9413913437214185 8 0.3353303625148477
end 2 0.778612989791989 7 0.6706607250296954 8 0.3353303625148477
both 2 0.6706607250296954 3 0.3353303625148477 7 0.531486049939265
ani 2 0.8668164124541127 3 0.6706607250296954 7 0.9413913437214185
for 2 1.4471202211474792 3 1.1760912590556813 6 0.35403874661397794 7 1.664137786345232 8 1.623254377027408
are 2 1.2247728342591138 3 0.35403874661397794 4 0.35403874661397794 7 1.5039309325665988 9 0.9151768837994522
not 2 1.3706503963224457 3 0.3353303625148477 7 1.310099039731254
io 2 0.31349043549768224
angri 2 0.31349043549768224
develop 2 0.3353303625148477 6 0.3353303625148477 7 1.1600524587729715
make 2 0.6900378352211746 3 0.5468420464521829 7 0.6900378352211746 8 0.5468420464521829
creat 2 0.5611381371854742 3 0.5611381371854742 6 0.35403874661397794 7 0.8220525124417035 9 0.9151768837994522
on 2 1.573440989000992 3 0.8600468879110218 4 0.37040203346725215 6 0.37040203346725215 7 1.5445486999401667 8 1.8684538394206198 9 0.9574753667037095
tablet 2 0.31349043549768224
bird 2 0.49687058459857075
wrong 2 0.31349043549768224
go 2 0.5149003101841715 7 0.6497318516367326
involv 2 0.31349043549768224
if 2 1.1139433523068367 7 1.0059910875445432 8 0.3353303625148477
flappi 2 0.31349043549768224
but 2 0.7543153202292586 7 1.029800620368343
interest 2 0.5468420464521829 3 0.8918609640627702 4 0.3450189176105873 6 0.3450189176105873
place 2 0.5149003101841715 7 0.3248659258183663
may 2 0.8668164124541127 3 0.3353303625148477 7 1.495382821287819
devic 2 0.5149003101841715 8 0.3248659258183663
phone 2 0.31349043549768224
other 2 0.8668164124541127 3 0.531486049939265 7 0.778612989791989
about 2 0.8918609640627702 3 0.968590556557069 7 0.968590556557069 8 0.3450189176105873
relat 2 0.3248659258183663 7 0.8397662360025379
android 2 0.31349043549768224
well 2 0.3353303625148477 3 0.3353303625148477 7 0.3353303625148477
or 2 1.3136094741676563 3 0.8011091180676507 7 1.4656153527765392 8 0.3450189176105873
made 2 0.5149003101841715 7 0.3248659258183663
programm 2 0.49687058459857075
your 2 1.3136094741676563 3 0.8918609640627702 7 1.3800756704423491 8 0.3450189176105873
integr 2 0.778612989791989 4 0.3353303625148477 7 0.3353303625148477
so 2 0.7543153202292586 7 0.8397662360025379
understand 2 0.5149003101841715 8 0.9120139558549912
them 2 0.6497318516367326 7 0.8397662360025379
code 2 0.3248659258183663 7 0.7543153202292586
overal 2 0.49687058459857075
am 2 0.5149003101841715 7 0.3248659258183663
sophist 2 0.31349043549768224
with 2 1.0621162398419337 3 0.8220525124417035 6 0.35403874661397794 7 1.2247728342591138 8 0.9151768837994522
evalu 2 0.3248659258183663 7 1.4487173814123016
experi 2 0.968590556557069 3 0.3450189176105873 7 1.0350567528317618 8 0.8011091180676507
into 2 0.7543153202292586 7 0.8397662360025379
some 2 0.9120139558549912 7 0.7543153202292586
which 2 0.778612989791989 6 0.3353303625148477 7 0.6706607250296954
logist 2 0.7543153202292586 7 0.7543153202292586
there 2 0.8668164124541127 7 0.778612989791989 8 0.3353303625148477
post 2 0.3248659258183663 7 0.3248659258183663
refer 2 1.029800620368343 7 0.3248659258183663
quizz 2 0.9937411691971415
reflect 2 0.3353303625148477 3 0.3353303625148477 7 0.3353303625148477
consid 2 0.3248659258183663 7 0.5149003101841715
link 2 0.3248659258183663 7 0.3248659258183663
print 2 0.3248659258183663 8 0.5149003101841715
date 2 0.6497318516367326 7 1.1238514555939354
authorit 2 0.31349043549768224
these 2 0.531486049939265 4 0.3353303625148477 7 1.2021467749689605
read 2 1.2408697921485934 7 1.2021467749689605 8 0.9413913437214185
deliver 2 0.8397662360025379 7 0.974597777455099
between 2 0.9120139558549912 4 0.3248659258183663
along 2 0.5149003101841715 7 0.5149003101841715
disagr 2 0.31349043549768224
up 2 0.6497318516367326 7 0.6497318516367326
chang 2 0.531486049939265 7 0.531486049939265 8 0.531486049939265
syllabus 2 0.3248659258183663 7 1.3546665461867093
structur 2 0.9413913437214185 7 0.778612989791989 8 0.3353303625148477
resourc 2 0.9120139558549912 7 1.1238514555939354
onlin 2 0.6497318516367326 7 0.3248659258183663
assign 2 1.6094495710597667 7 0.5149003101841715
equip 2 0.727902249660543
need 2 0.8011091180676507 3 0.3450189176105873 6 0.3450189176105873 7 0.8011091180676507
access 2 0.8800789171124
year 2 0.3353303625148477 4 0.3353303625148477 7 0.531486049939265
less 2 0.31349043549768224
than 2 0.7543153202292586 7 0.5149003101841715
smartphon 2 0.31349043549768224
ideal 2 0.31349043549768224
everi 2 0.3353303625148477 3 0.3353303625148477 7 0.6706607250296954
old 2 0.31349043549768224
enabl 2 0.3248659258183663 8 0.3248659258183663
gps 2 0.31349043549768224
internet 2 0.810361020096253
complet 2 0.9120139558549912 7 0.6497318516367326
all 2 0.5468420464521829 3 0.3450189176105873 6 0.3450189176105873 7 0.8918609640627702
order 2 0.3353303625148477 3 0.531486049939265 7 0.3353303625148477
submit 2 0.8397662360025379 7 0.3248659258183663
grade 2 1.1238514555939354 7 1.2368798816733575
schedul 2 1.1139433523068367 3 0.8668164124541127 7 1.310099039731254
feedback 2 0.6497318516367326 7 0.7543153202292586
meet 2 0.6706607250296954 7 0.9413913437214185 8 0.3353303625148477
sort 2 0.31349043549768224
receiv 2 0.6497318516367326 7 0.6497318516367326
lectur 2 0.3353303625148477 3 0.3353303625148477 6 0.531486049939265
activ 2 0.8397662360025379 7 0.7543153202292586
first 2 0.531486049939265 7 0.531486049939265 8 0.778612989791989
work 2 0.778612989791989 6 0.3353303625148477 7 1.4728773936606834
week 2 1.8143640134576369 7 2.219773140466699
twice 2 0.31349043549768224
group 2 0.6900378352211746 3 0.3450189176105873 7 0.5468420464521829 8 0.3450189176105873
discuss 2 0.5149003101841715 7 0.6497318516367326
usual 2 0.5149003101841715 7 0.3248659258183663
second 2 0.3248659258183663 8 0.3248659258183663
while 2 0.3248659258183663 7 0.6497318516367326
time 2 0.9413913437214185 6 0.3353303625148477 7 1.1139433523068367
card 2 0.974597777455099 7 0.5149003101841715
particip 2 0.8668164124541127 3 1.0059910875445432 7 1.0059910875445432
index 2 0.8397662360025379 7 0.3248659258183663
determin 2 0.6497318516367326 7 0.5149003101841715
get 2 0.6497318516367326 7 0.7543153202292586
also 2 0.3353303625148477 6 0.3353303625148477 7 0.778612989791989
mean 2 0.3353303625148477 7 0.778612989791989 8 0.6706607250296954
me 2 0.778612989791989 7 0.6706607250296954 8 0.3353303625148477
attend 2 0.3248659258183663 7 0.974597777455099
name 2 0.5149003101841715 7 0.8397662360025379
id 2 0.3248659258183663 7 0.3248659258183663
comment 2 0.531486049939265 6 0.3353303625148477 7 0.531486049939265
write 2 0.6497318516367326 7 0.3248659258183663
pleas 2 0.7543153202292586 7 0.7543153202292586
each 2 0.5149003101841715 7 0.974597777455099
put 2 0.3248659258183663 7 0.3248659258183663
take 2 0.5468420464521829 3 0.3450189176105873 7 0.6900378352211746 8 0.3450189176105873
would 2 0.5149003101841715 7 0.3248659258183663
an 2 0.7249524663156524 3 0.574511236957813 4 0.3624762331578262 6 0.3624762331578262 7 0.9369874701156392 8 0.7249524663156524
extra 2 1.1646321618209043 7 0.3248659258183663
don 2 0.3248659258183663 7 0.3248659258183663
it 2 1.2408697921485934 3 0.3353303625148477 7 1.2767217062362661
like 2 0.6497318516367326 7 0.5149003101841715
anonym 2 0.3248659258183663 7 0.3248659258183663
help 2 0.5468420464521829 3 0.3450189176105873 7 0.8918609640627702 9 0.8918609640627702
how 2 0.5468420464521829 4 0.3450189176105873 7 0.5468420464521829 9 0.8918609640627702
paper 2 0.531486049939265 7 0.8668164124541127 8 1.06297209987853
out 2 0.8668164124541127 4 0.8668164124541127 7 0.8668164124541127
they 2 0.3353303625148477 3 0.3353303625148477 7 0.8668164124541127
track 2 0.3248659258183663 7 0.5149003101841715
differ 2 0.5149003101841715 7 0.5149003101841715
input 2 0.31349043549768224
sourc 2 0.49687058459857075
thing 2 0.5149003101841715 7 0.5149003101841715
collect 2 0.3353303625148477 7 0.3353303625148477 8 0.3353303625148477
way 2 0.6497318516367326 3 0.5149003101841715
materi 2 0.531486049939265 3 0.531486049939265 7 1.1600524587729715
someth 2 0.6497318516367326 7 0.5149003101841715
caus 2 0.5149003101841715 7 0.3248659258183663
say 2 0.31349043549768224
text 2 0.5149003101841715 7 0.3248659258183663
have 2 1.1139433523068367 3 0.531486049939265 7 1.4728773936606834
pervas 2 1.1646321618209043 8 0.6497318516367326
worth 2 0.49687058459857075
quiz 2 0.31349043549768224
textbook 2 0.31349043549768224
u201cread 2 0.31349043549768224
life 2 0.810361020096253
annika 2 0.31349043549768224
addit 2 1.0059910875445432 3 0.3353303625148477 7 0.9413913437214185
video 2 0.3248659258183663 8 0.3248659258183663
most 2 0.3248659258183663 7 0.5149003101841715
u201d 2 0.7080774932279559 3 0.35403874661397794 6 0.35403874661397794 7 1.0621162398419337 8 0.7080774932279559
20 2 0.3248659258183663 8 0.5149003101841715
10 2 0.8668164124541127 7 1.06297209987853 8 0.531486049939265
main 2 0.31349043549768224
sterno 2 0.31349043549768224
total 2 0.49687058459857075
period 2 0.31349043549768224
montola 2 0.31349043549768224
eee 2 0.49687058459857075
jakko 2 0.31349043549768224
markus 2 0.31349043549768224
boundari 2 0.810361020096253
waern 2 0.31349043549768224
associ 2 0.5611381371854742 6 0.35403874661397794 7 0.35403874661397794 8 0.9939124179058558 9 1.4471202211474792
histor 2 0.974597777455099 4 0.3248659258183663
analysi 2 0.9120139558549912 3 0.3248659258183663
contemporari 2 0.31349043549768224
context 2 0.31349043549768224
where 2 0.3353303625148477 6 0.3353303625148477 7 0.531486049939265
individu 2 0.49687058459857075
analyz 2 0.3248659258183663 7 0.3248659258183663
short 2 0.31349043549768224
detail 2 0.8397662360025379 7 0.5149003101841715
when 2 0.7543153202292586 7 0.3248659258183663
circul 2 0.6269808709953645
journal 2 0.8668164124541127 4 0.3353303625148477 8 1.1139433523068367
geocach 2 1.1238514555939354
discov 2 0.31349043549768224
requir 2 0.9120139558549912 7 0.974597777455099
local 2 0.3248659258183663 7 0.3248659258183663
final 2 1.2368798816733575 7 1.0791812460476249
document 2 0.974597777455099 7 1.029800620368343
must 2 0.6706607250296954 3 0.3353303625148477 7 0.6706607250296954
specif 2 0.3248659258183663 7 0.8397662360025379
surround 2 0.5149003101841715 7 0.3248659258183663
meaning 2 0.3248659258183663 7 0.3248659258183663
incorpor 2 0.3248659258183663 7 0.5149003101841715
campus 2 0.5149003101841715 7 0.3248659258183663
aspect 2 0.31349043549768224
breakdown 2 0.810361020096253
rubric 2 0.727902249660543
avail 2 0.5149003101841715 7 0.5149003101841715
point 2 0.8397662360025379 7 0.3248659258183663
credit 2 1.1238514555939354 7 0.3248659258183663
100 2 0.5149003101841715 7 0.3248659258183663
11 2 0.3248659258183663 8 0.7543153202292586
did 2 0.49687058459857075
situat 2 0.531486049939265 7 0.3353303625148477 8 0.778612989791989
onli 2 0.531486049939265 7 0.3353303625148477 8 0.3353303625148477
as 2 0.7408040669345043 3 0.5870733332364573 4 0.37040203346725215 6 0.37040203346725215 7 1.3278774001709617 8 1.1741466664729145 9 0.9574753667037095
best 2 0.5149003101841715 7 0.3248659258183663
therefor 2 0.31349043549768224
due 2 0.8800789171124
natur 2 0.31349043549768224
know 2 0.6497318516367326 7 0.5149003101841715
much 2 0.31349043549768224
what 2 1.2021467749689605 3 0.3353303625148477 7 1.4728773936606834
possibl 2 0.3248659258183663 7 0.3248659258183663
comprehens 2 0.31349043549768224
through 2 0.35403874661397794 3 0.35403874661397794 7 0.35403874661397794 8 0.8220525124417035 9 0.9151768837994522
sever 2 0.5149003101841715 7 0.5149003101841715
assassin 2 1.2813805061841625
master 2 1.2247728342591138
last 2 0.31349043549768224
rank 2 0.9404713064930467
few 2 0.31349043549768224
could 2 0.31349043549768224
conceiv 2 0.31349043549768224
entir 2 0.49687058459857075
follow 2 0.5149003101841715 7 0.5149003101841715
quarter 2 0.6497318516367326 7 0.974597777455099
clever 2 0.31349043549768224
who 2 0.5149003101841715 7 0.3248659258183663
no 2 0.531486049939265 7 0.3353303625148477 8 0.6706607250296954
dishonor 2 0.31349043549768224
cheat 2 0.9120139558549912 7 1.029800620368343
do 2 0.6497318516367326 7 1.1238514555939354
ninja 2 0.31349043549768224
victori 2 0.31349043549768224
unlik 2 0.31349043549768224
slap 2 0.31349043549768224
surviv 2 0.31349043549768224
futur 2 0.8397662360025379 8 0.8397662360025379
outlin 2 0.31349043549768224
rest 2 0.31349043549768224
singl 2 0.5149003101841715 7 0.3248659258183663
200 2 0.31349043549768224
word 2 0.6497318516367326 7 0.3248659258183663
submiss 2 0.810361020096253
scenario 2 0.3248659258183663 8 0.3248659258183663
propos 2 0.6497318516367326 8 0.3248659258183663
trajectori 2 0.31349043549768224
earn 2 0.49687058459857075
convinc 2 0.31349043549768224
more 2 0.7543153202292586 7 0.974597777455099
evolv 2 0.3248659258183663 7 0.3248659258183663
approv 2 0.49687058459857075
good 2 0.49687058459857075
see 2 0.3248659258183663 7 0.3248659258183663
cach 2 0.49687058459857075
offer 2 0.31349043549768224
accept 2 0.3353303625148477 6 0.3353303625148477 8 0.778612989791989
certain 2 0.5149003101841715 7 0.5149003101841715
full 2 0.3248659258183663 3 0.8397662360025379
u2019 2 0.8918609640627702 4 0.3450189176105873 7 0.8918609640627702 8 0.3450189176105873
award 2 0.3248659258183663 6 0.3248659258183663
yield 2 0.31349043549768224
com 2 0.6706607250296954 3 0.3353303625148477 7 0.3353303625148477
might 2 0.5149003101841715 7 0.5149003101841715
onc 2 0.5149003101841715 7 0.3248659258183663
easi 2 0.49687058459857075
u2019m 2 0.31349043549768224
imposs 2 0.31349043549768224
process 2 0.531486049939265 3 0.6706607250296954 7 1.1600524587729715
titl 2 0.31349043549768224
difficult 2 0.3248659258183663 3 0.3248659258183663
befor 2 0.9413913437214185 6 0.3353303625148477 7 0.778612989791989
whi 2 0.3248659258183663 8 0.5149003101841715
virtual 2 0.3353303625148477 7 0.531486049939265 8 0.8668164124541127
team 2 0.531486049939265 3 0.3353303625148477 7 1.0059910875445432
turnitin 2 0.31349043549768224
written 2 0.531486049939265 6 0.3353303625148477 7 0.531486049939265
via 2 0.3248659258183663 3 0.3248659258183663
upload 2 0.31349043549768224
googl 2 0.3248659258183663 6 0.7543153202292586
drive 2 0.31349043549768224
folder 2 0.31349043549768224
day 2 0.8397662360025379 7 0.5149003101841715
version 2 0.5149003101841715 7 0.5149003101841715
target 2 0.31349043549768224
rule 2 0.3248659258183663 3 0.6497318516367326
topic 2 0.727902249660543
build 2 0.531486049939265 3 0.9413913437214185 7 0.531486049939265
walk 2 0.31349043549768224
chalk 2 0.3248659258183663 8 0.3248659258183663
mini 2 0.31349043549768224
jam 2 0.3248659258183663 7 0.8397662360025379
kill 2 0.49687058459857075
righteous 2 0.49687058459857075
check 2 0.8397662360025379 7 1.029800620368343
present 2 0.3353303625148477 7 0.531486049939265 8 1.2021467749689605
zombi 2 0.3248659258183663 8 0.3248659258183663
notic 2 0.31349043549768224
playtest 2 0.3248659258183663 3 0.3248659258183663
tuesday 2 0.31349043549768224
june 2 0.3353303625148477 7 1.06297209987853 8 0.3353303625148477
7th 2 0.3248659258183663 7 1.029800620368343
8pm 2 0.31349043549768224
polici 2 0.8397662360025379 7 0.8397662360025379
import 2 0.7543153202292586 7 1.029800620368343
honesti 2 0.8397662360025379 7 0.8397662360025379
academ 2 1.0791812460476249 7 1.0791812460476249
u00a0for 2 0.3248659258183663 7 0.3248659258183663
resid 2 0.3248659258183663 7 0.3248659258183663
cannot 2 0.8397662360025379 7 0.8397662360025379
handbook 2 0.3248659258183663 7 0.3248659258183663
regard 2 0.3248659258183663 7 0.3248659258183663
here 2 0.6497318516367326 7 0.6497318516367326
toler 2 0.8397662360025379 7 0.8397662360025379
http 2 0.49687058459857075
heed 2 0.3248659258183663 7 0.3248659258183663
instructor 2 0.8397662360025379 7 0.8397662360025379
u00a0th 2 0.3353303625148477 7 0.3353303625148477 8 0.778612989791989
dishonesti 2 0.8397662360025379 7 0.8397662360025379
penalti 2 0.3248659258183663 7 0.3248659258183663
flagrant 2 0.3248659258183663 7 0.3248659258183663
report 2 0.3353303625148477 7 0.3353303625148477 8 0.3353303625148477
plagiar 2 1.0791812460476249 7 1.1646321618209043
notabl 2 0.3248659258183663 7 0.3248659258183663
dean 2 0.3248659258183663 7 0.3248659258183663
fail 2 0.3248659258183663 7 0.6497318516367326
particular 2 0.3248659258183663 7 0.5149003101841715
minimum 2 0.3248659258183663 7 0.3248659258183663
punish 2 0.3248659258183663 7 0.3248659258183663
offic 2 0.3353303625148477 6 0.3353303625148477 7 0.3353303625148477
prepar 2 0.5149003101841715 7 0.6497318516367326
recal 2 0.3248659258183663 7 0.3248659258183663
heard 2 0.3248659258183663 7 0.3248659258183663
anyth 2 0.5149003101841715 7 0.5149003101841715
u00a0at 2 0.3248659258183663 7 0.3248659258183663
against 2 0.3248659258183663 7 0.3248659258183663
guard 2 0.3248659258183663 7 0.3248659258183663
conscious 2 0.3248659258183663 7 0.3248659258183663
provid 2 0.3353303625148477 3 0.3353303625148477 7 0.3353303625148477
quot 2 0.3248659258183663 7 0.3248659258183663
paraphras 2 0.3248659258183663 7 0.3248659258183663
idea 2 0.3248659258183663 7 0.8397662360025379
let 2 0.5149003101841715 7 0.5149003101841715
els 2 0.3248659258183663 7 0.3248659258183663
summar 2 0.3248659258183663 7 0.3248659258183663
general 2 0.3248659258183663 7 0.3248659258183663
reader 2 0.3353303625148477 7 0.3353303625148477 8 0.3353303625148477
person 2 0.6900378352211746 3 0.3450189176105873 7 0.6900378352211746 8 0.5468420464521829
direct 2 0.3248659258183663 7 0.3248659258183663
either 2 0.5149003101841715 7 0.5149003101841715
someon 2 0.3248659258183663 7 0.3248659258183663
gillianhay 2 0.3248659258183663 7 0.3248659258183663
success 2 0.5149003101841715 7 0.7543153202292586
borrow 2 0.3248659258183663 7 0.3248659258183663
exampl 2 0.3248659258183663 7 0.3248659258183663
hay 2 0.3248659258183663 7 0.3248659258183663
gillian 2 0.3248659258183663 7 0.3248659258183663
modif 2 0.3248659258183663 7 0.3248659258183663
been 2 0.3450189176105873 3 0.3450189176105873 7 0.5468420464521829 8 0.3450189176105873
can 2 0.8918609640627702 3 0.3450189176105873 7 0.968590556557069 9 0.8918609640627702
initi 2 0.3248659258183663 7 0.3248659258183663
although 2 0.3248659258183663 7 0.3248659258183663
was 2 0.3450189176105873 3 0.5468420464521829 6 0.3450189176105873 7 0.3450189176105873
found 2 0.3353303625148477 3 0.3353303625148477 7 0.3353303625148477
inf242w13 2 0.3248659258183663 7 0.3248659258183663
disclaim 2 0.3248659258183663 7 0.3248659258183663
origin 2 0.3248659258183663 7 0.5149003101841715
modifi 2 0.3248659258183663 7 0.3248659258183663
utc 2 0.3248659258183663 7 0.3248659258183663
advis 2 0.3248659258183663 7 0.3248659258183663
u201cgener 2 0.3248659258183663 7 0.3248659258183663
my 2 0.5149003101841715 7 0.8397662360025379
slight 2 0.3248659258183663 7 0.3248659258183663
center 2 1.0059910875445432 3 0.3353303625148477 7 1.0059910875445432
2013 2 0.3353303625148477 7 0.3353303625148477 8 0.8668164124541127
has 2 0.5611381371854742 3 0.35403874661397794 6 0.35403874661397794 7 0.9939124179058558 9 0.9151768837994522
www 2 0.3353303625148477 6 0.3353303625148477 7 0.3353303625148477
manag 2 0.9413913437214185 7 0.3353303625148477 8 0.3353303625148477
softwar 2 0.7543153202292586 7 0.3248659258183663
smooth 2 0.31349043549768224
program 2 0.3248659258183663 7 0.3248659258183663
etc 2 0.6900378352211746 3 0.3450189176105873 7 0.968590556557069 8 0.5468420464521829
one 2 0.531486049939265 3 0.3353303625148477 7 0.778612989791989
invest 2 0.49687058459857075
happen 2 0.31349043549768224
strong 2 0.3248659258183663 7 0.3248659258183663
format 2 0.31349043549768224
u00a0would 2 0.31349043549768224
veri 2 0.3248659258183663 7 0.7543153202292586
dl 2 0.31349043549768224
u00a0it 2 0.31349043549768224
undertak 2 0.31349043549768224
workflow 2 0.31349043549768224
thousand 2 0.31349043549768224
repositori 2 0.3248659258183663 7 0.8397662360025379
databas 2 0.31349043549768224
cite 2 0.31349043549768224
citat 2 0.3248659258183663 6 0.3248659258183663
collabor 2 0.35403874661397794 3 0.35403874661397794 6 0.35403874661397794 7 0.9151768837994522 8 0.8220525124417035
option 2 0.3248659258183663 7 1.2994637032734653
turn 2 0.31349043549768224
reward 2 0.31349043549768224
adopt 2 0.31349043549768224
habit 2 0.31349043549768224
great 2 0.3248659258183663 7 0.3248659258183663
acm 2 0.3248659258183663 8 0.9120139558549912
recommend 2 0.3248659258183663 7 0.3248659258183663
intent 2 0.3248659258183663 7 0.6497318516367326
writer 2 0.31349043549768224
jstor 2 0.31349043549768224
heavili 2 0.31349043549768224
librari 2 0.31349043549768224
instal 2 0.31349043549768224
isn 2 0.31349043549768224
oftentim 2 0.31349043549768224
springer 2 0.3248659258183663 8 0.974597777455099
mention 2 0.31349043549768224
encourag 2 0.3353303625148477 3 0.3353303625148477 7 0.3353303625148477
amaz 2 0.3248659258183663 7 0.3248659258183663
burden 2 0.31349043549768224
support 2 0.3353303625148477 7 0.3353303625148477 8 0.3353303625148477
alreadi 2 0.3248659258183663 7 0.3248659258183663
alon 2 0.31349043549768224
overhead 2 0.31349043549768224
major 2 0.3248659258183663 3 0.3248659258183663
becaus 2 0.3248659258183663 7 0.3248659258183663
scraper 2 0.31349043549768224
browser 2 0.31349043549768224
platform 2 0.31349043549768224
over 2 0.31349043549768224
stand 2 0.31349043549768224
u00a0unless 2 0.31349043549768224
u2019t 2 0.5149003101841715 7 0.5149003101841715
zotero 2 0.810361020096253
free 2 0.3248659258183663 7 0.3248659258183663
plug 2 0.31349043549768224
libguid 2 0.31349043549768224
583269 2 0.31349043549768224
lib 2 0.31349043549768224
pid 2 0.31349043549768224
sid 2 0.31349043549768224
19606 2 0.31349043549768224
php 2 0.31349043549768224
accommod 2 0.9120139558549912 7 0.9120139558549912
special 2 0.8918609640627702 3 0.3450189176105873 7 0.968590556557069 8 0.3450189176105873
disclos 2 0.3248659258183663 7 0.3248659258183663
u00a0onlin 2 0.3353303625148477 7 0.3353303625148477 8 0.3353303625148477
physic 2 0.5468420464521829 3 0.5468420464521829 7 0.5468420464521829 8 0.8918609640627702
reason 2 0.6497318516367326 7 0.6497318516367326
visit 2 0.3353303625148477 7 0.3353303625148477 8 0.3353303625148477
vision 2 0.3248659258183663 7 0.3248659258183663
uncomfort 2 0.3248659258183663 7 0.3248659258183663
too 2 0.3248659258183663 7 0.5149003101841715
servic 2 0.5149003101841715 7 0.5149003101841715
least 2 0.3248659258183663 7 0.3248659258183663
learn 2 0.35403874661397794 3 0.35403874661397794 6 0.35403874661397794 7 0.7080774932279559 8 0.8220525124417035
hear 2 0.3248659258183663 7 0.5149003101841715
u00a0befor 2 0.3248659258183663 7 0.5149003101841715
given 2 0.3248659258183663 7 0.6497318516367326
5130 2 0.3248659258183663 7 0.3248659258183663
think 2 0.3248659258183663 7 0.3248659258183663
adjust 2 0.3248659258183663 7 0.3248659258183663
92697 2 0.3248659258183663 7 0.3248659258183663
arrang 2 0.3248659258183663 7 0.3248659258183663
difficulti 2 0.5149003101841715 7 0.5149003101841715
far 2 0.3248659258183663 7 0.3248659258183663
u00a0or 2 0.3248659258183663 7 0.3248659258183663
behind 2 0.3248659258183663 7 0.3248659258183663
psychiatr 2 0.3248659258183663 7 0.3248659258183663
ca 2 0.3353303625148477 7 0.3353303625148477 8 0.6706607250296954
disabl 2 0.3248659258183663 7 0.3248659258183663
313 2 0.3248659258183663 7 0.3248659258183663
u00a0you 2 0.3248659258183663 7 0.3248659258183663
issu 2 0.3353303625148477 7 0.3353303625148477 8 0.3353303625148477
u201cwhi 2 0.3248659258183663 7 0.3248659258183663
come 2 0.3353303625148477 3 0.3353303625148477 7 0.531486049939265
find 2 0.531486049939265 3 0.3353303625148477 7 0.531486049939265
control 2 0.3353303625148477 7 0.531486049939265 8 0.531486049939265
were 2 0.3248659258183663 7 0.3248659258183663
alway 2 0.3248659258183663 7 0.5149003101841715
explain 2 0.3248659258183663 7 0.3248659258183663
problem 2 0.531486049939265 3 0.531486049939265 7 0.6706607250296954
now 2 0.3248659258183663 7 0.6497318516367326
troubl 2 0.3248659258183663 7 0.3248659258183663
couldn 2 0.3248659258183663 7 0.3248659258183663
just 2 0.3248659258183663 7 0.5149003101841715
dure 2 0.3248659258183663 7 0.8397662360025379
hospit 2 0.3248659258183663 7 0.3248659258183663
legitim 2 0.3248659258183663 7 0.3248659258183663
question 2 0.3353303625148477 3 0.3353303625148477 7 1.516887670582972
counsel 2 0.8397662360025379 7 0.8397662360025379
earli 2 0.3248659258183663 7 0.3248659258183663
impact 2 0.3353303625148477 7 0.3353303625148477 9 0.8668164124541127
progress 2 0.3248659258183663 7 0.5149003101841715
better 2 0.3248659258183663 7 0.3248659258183663
likewis 2 0.3248659258183663 7 0.3248659258183663
indecis 2 0.3248659258183663 7 0.3248659258183663
seek 2 0.3248659258183663 7 0.3248659258183663
mental 2 0.3248659258183663 7 0.3248659258183663
advanc 2 0.3353303625148477 6 0.3353303625148477 7 0.531486049939265
health 2 0.3248659258183663 7 0.3248659258183663
harm 2 0.3248659258183663 7 0.3248659258183663
effect 2 0.3353303625148477 7 0.6706607250296954 8 0.6706607250296954
advers 2 0.5149003101841715 7 0.5149003101841715
purs 2 0.3248659258183663 7 0.3248659258183663
allow 2 0.3248659258183663 7 0.5149003101841715
trial 2 0.3248659258183663 7 0.3248659258183663
career 2 0.3248659258183663 7 0.3248659258183663
degre 2 0.3248659258183663 7 0.3248659258183663
often 2 0.3248659258183663 7 0.3248659258183663
serious 2 0.3353303625148477 7 0.3353303625148477 8 0.3353303625148477
event 3 0.9937411691971415
board 3 1.331684646152016
reclaim 3 1.2813805061841625
evok 3 0.9120139558549912 7 0.3248659258183663
room 3 0.8800789171124
2100 3 0.9120139558549912 7 0.3248659258183663
calit2 3 0.9120139558549912 7 0.3248659258183663
pm 3 0.8800789171124
u00a0februari 3 0.31349043549768224
27 3 0.8397662360025379 8 0.6497318516367326
februari 3 0.778612989791989 7 1.3706503963224457 8 0.3353303625148477
heather 3 0.9404713064930467
re 3 0.49687058459857075
creativ 3 0.3353303625148477 7 0.531486049939265 8 0.778612989791989
iter 3 0.5149003101841715 7 0.3248659258183663
karen 3 0.5149003101841715 8 1.2021467749689605
explor 3 0.3353303625148477 7 0.531486049939265 8 0.6706607250296954
simpl 3 0.31349043549768224
candyland 3 0.49687058459857075
innov 3 0.3248659258183663 6 0.3248659258183663
set 3 0.3248659258183663 7 0.3248659258183663
imagin 3 0.3353303625148477 4 0.3353303625148477 8 0.778612989791989
run 3 0.5149003101841715 7 0.3248659258183663
workshop 3 0.9413913437214185 7 0.6706607250296954 8 1.1600524587729715
give 3 0.3248659258183663 7 0.6497318516367326
hand 3 0.3248659258183663 8 0.3248659258183663
loga 3 0.49687058459857075
tess 3 0.31349043549768224
familiar 3 0.31349043549768224
u00a0mechan 3 0.31349043549768224
dynam 3 0.31349043549768224
art 3 0.5468420464521829 7 0.3450189176105873 8 0.5468420464521829 9 0.8918609640627702
goal 3 0.3248659258183663 7 1.029800620368343
conclud 3 0.31349043549768224
mechan 3 0.31349043549768224
colleg 3 0.3248659258183663 7 0.5149003101841715
night 3 0.31349043549768224
blank 3 0.31349043549768224
suppli 3 0.31349043549768224
parti 3 0.31349043549768224
basic 3 0.3248659258183663 7 0.3248659258183663
sheet 3 0.31349043549768224
two 3 0.3353303625148477 7 0.778612989791989 8 0.3353303625148477
bodi 3 0.3248659258183663 9 0.8397662360025379
adult 3 0.31349043549768224
member 3 0.31349043549768224
choos 3 0.31349043549768224
guid 3 0.3248659258183663 8 0.7543153202292586
enjoy 3 0.31349043549768224
task 3 0.3248659258183663 7 0.3248659258183663
dice 3 0.31349043549768224
younger 3 0.31349043549768224
wish 3 0.31349043549768224
kid 3 0.31349043549768224
copi 3 0.31349043549768224
remak 3 0.31349043549768224
older 3 0.31349043549768224
famili 3 0.3248659258183663 8 0.6497318516367326
u201creclaim 3 0.31349043549768224
sponsor 3 0.31349043549768224
primarili 3 0.31349043549768224
illumin 3 0.31349043549768224
aim 3 0.31349043549768224
thank 3 0.8397662360025379 7 0.3248659258183663
edit 3 0.8397662360025379 8 0.3248659258183663
gmail 3 0.31349043549768224
contact 3 0.31349043549768224
welcom 3 0.31349043549768224
intend 3 0.3248659258183663 8 0.3248659258183663
type 3 0.31349043549768224
prior 3 0.31349043549768224
u00a0particip 3 0.31349043549768224
plan 3 0.810361020096253
5pm 3 0.31349043549768224
organ 3 0.31349043549768224
sinc 3 0.31349043549768224
medit 3 0.31349043549768224
santa 3 0.31349043549768224
twitter 3 0.31349043549768224
express 3 0.3353303625148477 7 0.3353303625148477 8 0.9413913437214185
she 3 0.31349043549768224
manifest 3 0.31349043549768224
ucsc 3 0.31349043549768224
strategi 3 0.3248659258183663 8 0.3248659258183663
her 3 0.3248659258183663 7 0.6497318516367326
teach 3 0.3353303625148477 6 0.3353303625148477 8 0.531486049939265
care 3 0.3248659258183663 8 0.3248659258183663
excel 3 0.31349043549768224
clariti 3 0.3248659258183663 7 0.3248659258183663
dedic 3 0.31349043549768224
consult 3 0.3248659258183663 6 0.3248659258183663
mfa 3 0.31349043549768224
maker 3 0.3248659258183663 8 0.3248659258183663
gain 3 0.31349043549768224
around 3 0.3353303625148477 6 0.3353303625148477 7 0.3353303625148477
share 3 0.3248659258183663 7 0.3248659258183663
form 3 0.3353303625148477 7 0.531486049939265 9 0.8668164124541127
solo 3 0.3248659258183663 9 0.8397662360025379
perfect 3 0.31349043549768224
everyth 3 0.31349043549768224
2004 3 0.31349043549768224
examin 3 0.31349043549768224
though 3 0.31349043549768224
profession 3 0.3248659258183663 7 0.5149003101841715
busi 3 0.31349043549768224
playabl 3 0.31349043549768224
ideat 3 0.31349043549768224
raw 3 0.31349043549768224
2010 3 0.3248659258183663 8 0.5149003101841715
founder 3 0.3248659258183663 6 0.3248659258183663
systemsleuth 3 0.31349043549768224
2008 3 0.3248659258183663 8 0.8397662360025379
done 3 0.31349043549768224
cruz 3 0.31349043549768224
style 3 0.31349043549768224
trammel 4 1.4269142660391627 8 0.3248659258183663
aaron 4 1.376949501710971
he 4 0.3353303625148477 6 0.3353303625148477 7 0.3353303625148477
state 4 0.3248659258183663 7 0.6497318516367326
complex 4 0.31349043549768224
multimedia 4 0.31349043549768224
spent 4 0.31349043549768224
postdoctor 4 0.31349043549768224
reveal 4 0.31349043549768224
rutger 4 0.31349043549768224
negoti 4 0.31349043549768224
player 4 0.3248659258183663 9 1.1238514555939354
unit 4 0.31349043549768224
polit 4 0.3248659258183663 8 0.3248659258183663
perspect 4 0.3248659258183663 8 0.3248659258183663
u00a0and 4 0.31349043549768224
editor 4 0.31349043549768224
usc 4 0.31349043549768224
industri 4 0.31349043549768224
annenberg 4 0.31349043549768224
social 4 0.3353303625148477 8 0.6706607250296954 9 0.8668164124541127
communic 4 0.3450189176105873 6 0.3450189176105873 7 0.3450189176105873 8 1.0350567528317618
chief 4 0.31349043549768224
u00a0sound 4 0.31349043549768224
focus 4 0.3248659258183663 6 0.3248659258183663
ideolog 4 0.31349043549768224
practic 4 0.3450189176105873 7 0.3450189176105873 8 0.8011091180676507 9 0.8918609640627702
u00a0analog 4 0.3248659258183663 8 0.3248659258183663
militari 4 0.31349043549768224
connect 4 0.31349043549768224
u00a0aaron 4 0.3248659258183663 8 0.3248659258183663
homepag 4 0.7543153202292586 6 0.7543153202292586
sound 4 0.7543153202292586 7 0.3248659258183663
cowl 6 1.4269142660391627 8 0.8397662360025379
michael 6 1.4269142660391627 8 0.3248659258183663
senior 6 0.49687058459857075
educ 6 0.6497318516367326 8 0.3248659258183663
cqunivers 6 0.49687058459857075
australia 6 0.49687058459857075
tenant 6 0.31349043549768224
sydney 6 0.31349043549768224
maintain 6 0.3248659258183663 7 0.6497318516367326
nation 6 0.31349043549768224
melbourn 6 0.31349043549768224
u201cpedagogi 6 0.31349043549768224
frequent 6 0.31349043549768224
enrich 6 0.31349043549768224
herald 6 0.31349043549768224
core 6 0.31349043549768224
evangelist 6 0.31349043549768224
ubiqu 6 0.31349043549768224
age 6 0.3248659258183663 8 0.3248659258183663
outstand 6 0.31349043549768224
opinion 6 0.3248659258183663 7 0.8397662360025379
grant 6 0.31349043549768224
radio 6 0.31349043549768224
tertiari 6 0.31349043549768224
expert 6 0.31349043549768224
keen 6 0.31349043549768224
thecreatelab 6 0.31349043549768224
standard 6 0.31349043549768224
contribut 6 0.3248659258183663 7 0.3248659258183663
champion 6 0.31349043549768224
govern 6 0.31349043549768224
his 6 0.3248659258183663 7 0.6497318516367326
mantra 6 0.31349043549768224
appoint 6 0.31349043549768224
purpos 6 0.31349043549768224
under 6 0.31349043549768224
brisban 6 0.31349043549768224
live 6 0.3248659258183663 7 0.3248659258183663
believ 6 0.3248659258183663 8 0.3248659258183663
queensland 6 0.31349043549768224
dr 6 0.31349043549768224
morn 6 0.31349043549768224
teqsa 6 0.31349043549768224
org 6 0.31349043549768224
communiti 6 0.31349043549768224
partner 6 0.3248659258183663 7 0.3248659258183663
convers 6 0.31349043549768224
societi 6 0.3248659258183663 8 0.3248659258183663
piec 6 0.3248659258183663 7 0.5149003101841715
australian 6 0.31349043549768224
assessor 6 0.31349043549768224
public 6 0.3450189176105873 7 0.3450189176105873 8 1.5385882702206695 9 1.0936840929043659
qualiti 6 0.31349043549768224
newspap 6 0.31349043549768224
recipi 6 0.31349043549768224
scholar 6 0.727902249660543
profil 6 0.727902249660543
arvr 7 0.31349043549768224
6pmlocat 7 0.31349043549768224
productionszach 7 0.31349043549768224
anderson 7 0.31349043549768224
appl 7 0.49687058459857075
informaticstim 7 0.31349043549768224
productionstim 7 0.31349043549768224
monday 7 0.6269808709953645
orang 7 0.49687058459857075
kashani 7 0.49687058459857075
ethic 7 0.31349043549768224
bridg 7 0.31349043549768224
director 7 0.31349043549768224
client 7 0.49687058459857075
show 7 0.49687058459857075
commit 7 0.5149003101841715 8 0.3248659258183663
storytel 7 0.3248659258183663 8 1.0791812460476249
tim 7 0.31349043549768224
emerg 7 0.31349043549768224
look 7 0.6706607250296954 8 0.3353303625148477 9 0.8668164124541127
intellectu 7 0.49687058459857075
blend 7 0.31349043549768224
appli 7 0.3248659258183663 8 0.3248659258183663
three 7 0.5149003101841715 8 0.3248659258183663
mentor 7 0.31349043549768224
interdisciplinari 7 0.49687058459857075
launch 7 0.31349043549768224
respons 7 0.9404713064930467
alum 7 0.31349043549768224
applic 7 0.31349043549768224
essenti 7 0.49687058459857075
motiv 7 0.6269808709953645
upper 7 0.31349043549768224
perform 7 0.3353303625148477 8 0.531486049939265 9 0.8668164124541127
experienti 7 0.31349043549768224
engag 7 0.3248659258183663 8 0.5149003101841715
produc 7 0.727902249660543
divis 7 0.31349043549768224
broadway 7 0.31349043549768224
rang 7 0.31349043549768224
divers 7 0.49687058459857075
film 7 0.8800789171124
clair 7 0.31349043549768224
trevor 7 0.31349043549768224
endeavor 7 0.31349043549768224
properti 7 0.49687058459857075
close 7 0.3248659258183663 8 0.3248659258183663
tradit 7 0.49687058459857075
artist 7 1.4735428942706539
self 7 1.0844987247010582
same 7 0.49687058459857075
experiment 7 0.49687058459857075
skill 7 0.49687058459857075
immers 7 0.31349043549768224
similar 7 0.49687058459857075
augment 7 0.5149003101841715 8 0.9120139558549912
methodolog 7 0.31349043549768224
startup 7 0.31349043549768224
matur 7 0.31349043549768224
licens 7 0.31349043549768224
agreement 7 0.31349043549768224
sign 7 0.49687058459857075
extern 7 0.49687058459857075
condit 7 0.31349043549768224
meant 7 0.31349043549768224
expect 7 0.810361020096253
occur 7 0.31349043549768224
laboratori 7 0.31349043549768224
classroom 7 0.49687058459857075
us 7 0.31349043549768224
outsid 7 0.8800789171124
risk 7 0.31349043549768224
bulk 7 0.31349043549768224
throughout 7 0.727902249660543
evolut 7 0.31349043549768224
updat 7 0.31349043549768224
github 7 0.810361020096253
privat 7 0.31349043549768224
store 7 0.31349043549768224
account 7 0.31349043549768224
part 7 0.49687058459857075
setup 7 0.31349043549768224
asset 7 0.31349043549768224
slack 7 0.810361020096253
distribut 7 0.49687058459857075
channel 7 0.31349043549768224
workspac 7 0.31349043549768224
intrins 7 0.31349043549768224
succeed 7 0.31349043549768224
driven 7 0.31349043549768224
merit 7 0.31349043549768224
untradit 7 0.31349043549768224
stake 7 0.31349043549768224
bit 7 0.31349043549768224
grad 7 0.31349043549768224
cultur 7 0.8397662360025379 8 0.6497318516367326
factor 7 0.3248659258183663 8 0.974597777455099
below 7 0.31349043549768224
numer 7 0.49687058459857075
mileston 7 0.9404713064930467
nor 7 0.31349043549768224
exam 7 0.31349043549768224
explicit 7 0.31349043549768224
notecard 7 0.810361020096253
contract 7 0.8800789171124
model 7 0.3248659258183663 8 0.8397662360025379
pure 7 0.31349043549768224
rather 7 0.31349043549768224
worthwhil 7 0.31349043549768224
ongo 7 0.7543153202292586 8 0.3248659258183663
move 7 0.49687058459857075
continu 7 0.31349043549768224
u201cin 7 0.31349043549768224
still 7 0.49687058459857075
sure 7 0.31349043549768224
u2019r 7 0.6269808709953645
term 7 0.31349043549768224
u201cmid 7 0.31349043549768224
page 7 0.3248659258183663 8 0.3248659258183663
narrat 7 0.778612989791989 8 1.1600524587729715 9 1.06297209987853
faculti 7 0.727902249660543
begin 7 0.31349043549768224
global 7 0.810361020096253
ggjs 7 0.31349043549768224
open 7 0.6269808709953645
fourth 7 0.31349043549768224
u00a0previ 7 0.31349043549768224
row 7 0.31349043549768224
compani 7 0.31349043549768224
polish 7 0.31349043549768224
coordin 7 0.31349043549768224
chanc 7 0.49687058459857075
turnout 7 0.31349043549768224
26 7 0.3248659258183663 8 0.3248659258183663
had 7 0.3248659258183663 8 0.3248659258183663
u00a0januari 7 0.31349043549768224
save 7 0.31349043549768224
mandatori 7 0.49687058459857075
capabl 7 0.31349043549768224
realli 7 0.49687058459857075
area 7 0.31349043549768224
28 7 0.3248659258183663 8 0.3248659258183663
environ 7 0.6269808709953645
sens 7 0.3248659258183663 9 0.8397662360025379
ggj 7 0.31349043549768224
screen 7 0.810361020096253
kong 7 0.31349043549768224
host 7 0.31349043549768224
ad 7 0.49687058459857075
micro 7 0.31349043549768224
key 7 0.31349043549768224
hoc 7 0.31349043549768224
festiv 7 0.31349043549768224
basi 7 0.49687058459857075
king 7 0.31349043549768224
spot 7 0.810361020096253
star 7 0.810361020096253
secret 7 0.727902249660543
empir 7 0.727902249660543
war 7 0.810361020096253
u201chyp 7 0.727902249660543
stay 7 0.31349043549768224
anaheim 7 0.31349043549768224
tune 7 0.31349043549768224
trip 7 0.31349043549768224
feasibl 7 0.31349043549768224
disney 7 0.31349043549768224
field 7 0.31349043549768224
downtown 7 0.31349043549768224
conduct 7 0.810361020096253
manner 7 0.31349043549768224
colleagu 7 0.31349043549768224
empow 7 0.31349043549768224
central 7 0.31349043549768224
permit 7 0.31349043549768224
agre 7 0.31349043549768224
construct 7 0.31349043549768224
critic 7 1.0791812460476249 8 0.5149003101841715
guidelin 7 0.49687058459857075
fulli 7 0.31349043549768224
behavior 7 0.5149003101841715 8 0.3248659258183663
abil 7 0.49687058459857075
inclus 7 0.49687058459857075
everyon 7 0.31349043549768224
generat 7 0.31349043549768224
act 7 0.3248659258183663 8 0.5149003101841715
undermin 7 0.31349043549768224
respect 7 0.31349043549768224
abid 7 0.31349043549768224
60 7 0.31349043549768224
u00a0mani 7 0.31349043549768224
bo 7 0.31349043549768224
languag 7 0.810361020096253
ruberg 7 0.31349043549768224
adapt 7 0.3248659258183663 8 0.9120139558549912
advic 7 0.31349043549768224
bonni 7 0.31349043549768224
derogatori 7 0.727902249660543
refrain 7 0.727902249660543
privileg 7 0.727902249660543
correct 7 0.727902249660543
pronoun 7 0.727902249660543
gender 7 0.727902249660543
oliveri 7 0.31349043549768224
lerhman 7 0.31349043549768224
vinni 7 0.31349043549768224
liz 7 0.31349043549768224
formal 7 0.6269808709953645
employ 7 0.31349043549768224
critiqu 7 0.31349043549768224
lie 7 0.31349043549768224
twofold 7 0.31349043549768224
respond 7 1.4373418910916174
bring 7 0.49687058459857075
agenda 7 0.31349043549768224
desir 7 0.31349043549768224
bias 7 0.31349043549768224
hard 7 0.31349043549768224
attempt 7 0.31349043549768224
honest 7 0.31349043549768224
creator 7 0.31349043549768224
somewhat 7 0.31349043549768224
clear 7 0.31349043549768224
step 7 0.9404713064930467
those 7 0.31349043549768224
assess 7 0.810361020096253
frame 7 0.31349043549768224
emphas 7 0.31349043549768224
statement 7 0.8800789171124
assessmentartist 7 0.31349043549768224
clarifi 7 0.49687058459857075
identifi 7 0.31349043549768224
peopl 7 0.31349043549768224
want 7 0.31349043549768224
observationrespond 7 0.31349043549768224
wide 7 0.31349043549768224
tri 7 0.31349043549768224
affirm 7 0.810361020096253
vocabulari 7 0.31349043549768224
expans 7 0.31349043549768224
affect 7 0.3248659258183663 8 0.3248659258183663
moment 7 0.31349043549768224
posit 7 0.49687058459857075
palett 7 0.3248659258183663 8 0.3248659258183663
observ 7 0.727902249660543
respondersartist 7 0.31349043549768224
insignific 7 0.31349043549768224
dialogu 7 0.49687058459857075
ask 7 0.727902249660543
viewer 7 0.31349043549768224
noth 7 0.31349043549768224
becom 7 0.49687058459857075
judgment 7 0.31349043549768224
phrase 7 0.31349043549768224
artistrespond 7 0.31349043549768224
fashion 7 0.31349043549768224
back 7 0.31349043549768224
neutral 7 0.49687058459857075
opinionsif 7 0.31349043549768224
techniqu 7 0.3248659258183663 8 0.3248659258183663
refus 7 0.31349043549768224
redund 7 0.31349043549768224
permiss 7 0.31349043549768224
albeit 7 0.31349043549768224
solv 7 0.31349043549768224
seem 7 0.31349043549768224
sensit 7 0.31349043549768224
after 7 0.31349043549768224
rapid 7 0.31349043549768224
undefin 7 0.31349043549768224
theatr 7 0.31349043549768224
establish 7 0.31349043549768224
right 7 0.31349043549768224
shape 7 0.31349043549768224
ultim 7 0.31349043549768224
section 7 0.31349043549768224
fast 7 0.31349043549768224
appropri 7 0.31349043549768224
figur 7 0.31349043549768224
togeth 7 0.31349043549768224
standup 7 0.810361020096253
domain 7 0.31349043549768224
devot 7 0.31349043549768224
revis 7 0.31349043549768224
result 7 0.31349043549768224
exercis 7 0.3248659258183663 8 0.3248659258183663
suitabl 7 0.31349043549768224
timelin 7 0.31349043549768224
sprint 7 0.31349043549768224
phase 7 0.31349043549768224
long 7 0.31349043549768224
forward 7 0.31349043549768224
review 7 0.3248659258183663 8 0.9120139558549912
demand 7 0.31349043549768224
readi 7 0.31349043549768224
agil 7 0.810361020096253
blocker 7 0.31349043549768224
method 7 0.31349043549768224
daili 7 0.31349043549768224
split 7 0.31349043549768224
scrum 7 0.727902249660543
2nd 7 0.9937411691971415
u00a0april 7 1.376949501710971
april 7 1.4269142660391627 8 0.3248659258183663
9th 7 1.029800620368343 8 0.3248659258183663
16th 7 0.9937411691971415
23th 7 0.9937411691971415
30th 7 0.9937411691971415
u00a0may 7 1.2813805061841625
14th 7 0.9937411691971415
21st 7 0.9937411691971415
28th 7 0.9937411691971415
u00a0jun 7 1.029800620368343 8 0.5149003101841715
4th 7 1.029800620368343 8 0.5149003101841715
tbd 7 0.9937411691971415
11th 7 0.9937411691971415
narrow 7 0.31349043549768224
relev 7 0.31349043549768224
list 7 0.727902249660543
book 7 0.7543153202292586 8 1.029800620368343
articl 7 0.7543153202292586 8 1.029800620368343
8th 7 0.727902249660543
januari 7 1.2813805061841625
15th 7 0.727902249660543
mlk 7 0.31349043549768224
fun 7 0.31349043549768224
holiday 7 0.31349043549768224
note 7 0.49687058459857075
22nd 7 0.727902249660543
start 7 1.455804499321086
u00a0dur 7 0.31349043549768224
29th 7 0.727902249660543
5th 7 0.9937411691971415
12th 7 0.9937411691971415
19th 7 0.9937411691971415
u00a0ther 7 0.31349043549768224
gear 7 0.31349043549768224
presid 7 0.31349043549768224
26th 7 0.727902249660543
march 7 1.1600524587729715
u00a0requir 7 0.31349043549768224
u00a0a 7 0.3248659258183663 8 0.5149003101841715
u00a0that 7 0.31349043549768224
u00a0can 7 0.31349043549768224
nixon 8 0.810361020096253
seif 8 0.9404713064930467
ed 8 1.3548831206559075
el 8 0.9404713064930467
u00a0nonverb 8 0.810361020096253
world 8 0.9404713064930467
2014 8 0.9404713064930467
press 8 1.0413926851582251
nasr 8 0.9404713064930467
31 8 0.49687058459857075
pufal 8 0.727902249660543
peak 8 0.31349043549768224
u00f6k 8 0.31349043549768224
pargman 8 0.31349043549768224
half 8 0.31349043549768224
consequ 8 0.31349043549768224
rewrit 8 0.31349043549768224
u00a0what 8 0.31349043549768224
oil 8 0.31349043549768224
u00a0energi 8 0.31349043549768224
wangel 8 0.31349043549768224
178 8 0.31349043549768224
170 8 0.31349043549768224
envis 8 0.6269808709953645
histori 8 0.31349043549768224
u00f6 8 0.31349043549768224
vol 8 0.9937411691971415
pp 8 1.3548831206559075
eriksson 8 0.31349043549768224
septemb 8 0.31349043549768224
gardner 8 0.6269808709953645
u00a0tanenbaum 8 0.49687058459857075
prop 8 0.49687058459857075
costum 8 0.7543153202292586 9 1.5086306404585172
59 8 0.31349043549768224
inquiri 8 0.31349043549768224
80 8 0.31349043549768224
hermeneut 8 0.31349043549768224
versus 8 0.31349043549768224
actual 8 0.31349043549768224
antl 8 1.0844987247010582
u00a0us 8 0.49687058459857075
tangibl 8 1.1238514555939354
43 8 0.49687058459857075
hatala 8 1.0844987247010582
umuai 8 0.31349043549768224
user 8 0.727902249660543
wakkari 8 1.0844987247010582
393 8 0.31349043549768224
octob 8 0.6269808709953645
u00a0bulletin 8 0.31349043549768224
32 8 0.31349043549768224
404 8 0.31349043549768224
u00a0mass 8 0.31349043549768224
2012 8 0.6269808709953645
bizzocchi 8 0.9404713064930467
ijart 8 0.31349043549768224
2011 8 1.0413926851582251
479 8 0.31349043549768224
u00a0gam 8 0.49687058459857075
interfac 8 0.6497318516367326 9 1.2368798816733575
lin 8 0.31349043549768224
intern 8 1.1935693526100823
u00a04 8 0.31349043549768224
460 8 0.31349043549768224
u00a0get 8 0.31349043549768224
46 8 0.31349043549768224
literatur 8 0.49687058459857075
tactil 8 0.31349043549768224
57 8 0.31349043549768224
electron 8 0.49687058459857075
glove 8 0.6269808709953645
fiction 8 0.9937411691971415
idmaa 8 0.31349043549768224
21 8 0.31349043549768224
u00a0digit 8 0.31349043549768224
u00a0ag 8 0.31349043549768224
compet 8 0.31349043549768224
u00a0load 8 0.31349043549768224
canadian 8 0.31349043549768224
oblivion 8 0.31349043549768224
charact 8 0.9120139558549912 9 0.8397662360025379
2009 8 0.9404713064930467
u00a0clos 8 0.31349043549768224
intellig 8 0.6269808709953645
u2026th 8 0.31349043549768224
creation 8 0.31349043549768224
u00a0narr 8 0.31349043549768224
u00a0intern 8 0.49687058459857075
tomizu 8 0.49687058459857075
museum 8 0.810361020096253
muis 8 0.8800789171124
383 8 0.49687058459857075
ron 8 0.9404713064930467
u00a0download 8 0.9404713064930467
kevin 8 0.8800789171124
23 8 0.31349043549768224
kornfeld 8 0.49687058459857075
leora 8 0.49687058459857075
367 8 0.49687058459857075
approach 8 0.6269808709953645
pdf 8 0.9404713064930467
curatorship 8 0.31349043549768224
marek 8 0.8800789171124
confer 8 1.5948709416818447
chapter 8 0.727902249660543
proceed 8 1.538263269756796
cookbook 8 0.31349043549768224
3d 8 0.6269808709953645
u00a0mak 8 0.31349043549768224
rourk 8 0.31349043549768224
plastic 8 0.31349043549768224
jackson 8 0.31349043549768224
walter 8 0.31349043549768224
allahyari 8 0.31349043549768224
additivist 8 0.31349043549768224
branca 8 0.31349043549768224
london 8 0.31349043549768224
zagalo 8 0.31349043549768224
u00a0fabr 8 0.49687058459857075
fabric 8 0.6269808709953645
home 8 0.31349043549768224
u00a0in 8 1.1600524587729715
verlag 8 0.6269808709953645
u00a0spring 8 0.31349043549768224
361 8 0.31349043549768224
u00a0etc 8 0.727902249660543
pa 8 0.727902249660543
u00a0challeng 8 0.31349043549768224
nonverb 8 0.6269808709953645
u00a0seif 8 0.31349043549768224
pittsburgh 8 0.727902249660543
355 8 0.31349043549768224
u00a0bas 8 0.49687058459857075
33 8 0.31349043549768224
17 8 0.810361020096253
u00a0nixon 8 0.31349043549768224
nijholt 8 0.31349043549768224
len 8 0.31349043549768224
persuas 8 0.31349043549768224
invit 8 0.31349043549768224
macarana 8 0.31349043549768224
embrac 8 0.31349043549768224
tawni 8 0.31349043549768224
magic 8 0.31349043549768224
u00a0dark 8 0.31349043549768224
entertain 8 0.31349043549768224
subvers 8 0.49687058459857075
data 8 0.49687058459857075
big 8 0.49687058459857075
era 8 0.31349043549768224
schlieski 8 0.31349043549768224
heritag 8 0.49687058459857075
elisa 8 0.31349043549768224
giaccardi 8 0.31349043549768224
u00a0heritag 8 0.31349043549768224
238 8 0.31349043549768224
audrey 8 0.31349043549768224
u00a0routledg 8 0.31349043549768224
tanenbaun 8 0.31349043549768224
participatori 8 0.49687058459857075
sociabl 8 0.31349043549768224
desjardin 8 0.727902249660543
217 8 0.31349043549768224
william 8 0.6269808709953645
beyond 8 0.31349043549768224
punchcard 8 0.31349043549768224
u00a0crit 8 0.31349043549768224
u00a0term 8 0.31349043549768224
hedon 8 0.31349043549768224
hertz 8 0.31349043549768224
heidelberg 8 0.727902249660543
zammitto 8 0.6269808709953645
u00e9 8 0.6269808709953645
berlin 8 0.727902249660543
si 8 0.6269808709953645
7069 8 0.6269808709953645
andr 8 0.6269808709953645
thue 8 0.6269808709953645
lester 8 0.6269808709953645
u00a0interact 8 0.31349043549768224
u00a0wel 8 0.31349043549768224
davidson 8 0.31349043549768224
drew 8 0.31349043549768224
magazin 8 0.727902249660543
birt 8 0.31349043549768224
u00a0karen 8 1.1238514555939354
u00a0jam 8 0.31349043549768224
u00a0theresa 8 1.1238514555939354
u00a02016 8 0.8800789171124
smith 8 0.31349043549768224
u00a0gillian 8 0.31349043549768224
u00a0marcel 8 0.49687058459857075
furious 8 0.31349043549768224
popular 8 0.31349043549768224
apocalypt 8 0.31349043549768224
hci 8 0.6269808709953645
u00a02014 8 0.6269808709953645
stori 8 0.727902249660543
steampunk 8 0.49687058459857075
principl 8 0.31349043549768224
u00a0audrey 8 0.6269808709953645
u00a02013 8 0.727902249660543
transact 8 0.31349043549768224
cp 8 0.31349043549768224
ao 8 0.49687058459857075
132 8 0.31349043549768224
1127 8 0.31349043549768224
alissa 8 0.6269808709953645
ii 8 0.31349043549768224
map 8 0.49687058459857075
institut 8 0.31349043549768224
u00a0iaeng 8 0.31349043549768224
volum 8 0.31349043549768224
engin 8 0.49687058459857075
american 8 0.31349043549768224
121 8 0.31349043549768224
congress 8 0.49687058459857075
peer 8 0.8800789171124
extend 8 0.9404713064930467
chi 8 1.1238514555939354
u00a02017 8 0.727902249660543
human 8 1.1238514555939354
annual 8 0.810361020096253
abstract 8 0.9404713064930467
symposium 8 0.8800789171124
apocalyps 8 0.31349043549768224
u00a0daniel 8 0.31349043549768224
u00a0michael 8 0.49687058459857075
hybrid 8 0.31349043549768224
accumul 8 0.31349043549768224
idl 8 0.31349043549768224
jing 8 0.31349043549768224
magia 8 0.31349043549768224
u00a0natali 8 0.31349043549768224
nygaard 8 0.31349043549768224
transformo 8 0.31349043549768224
ke 8 0.31349043549768224
icid 8 0.49687058459857075
combinatori 8 0.31349043549768224
u00a09th 8 0.31349043549768224
18 8 0.49687058459857075
los 8 0.31349043549768224
novemb 8 0.6269808709953645
usa 8 0.9404713064930467
u00a0pap 8 0.9404713064930467
roadtrip 8 0.31349043549768224
rickman 8 0.31349043549768224
soundtrack 8 0.31349043549768224
15 8 0.727902249660543
angel 8 0.31349043549768224
u00a0geopoetri 8 0.31349043549768224
printer 8 0.31349043549768224
fdg 8 0.727902249660543
u00a0play 8 0.31349043549768224
digra 8 0.810361020096253
august 8 0.727902249660543
dunde 8 0.727902249660543
scotland 8 0.727902249660543
specul 8 0.31349043549768224
foundat 8 0.8800789171124
joint 8 0.810361020096253
identif 8 0.3248659258183663 9 0.8397662360025379
crenshaw 8 0.31349043549768224
mario 8 0.31349043549768224
u2019a 8 0.31349043549768224
u201cit 8 0.31349043549768224
fallout 8 0.31349043549768224
u00a0surviv 8 0.31349043549768224
para 8 0.31349043549768224
borderland 8 0.31349043549768224
consider 8 0.31349043549768224
gatekeep 8 0.31349043549768224
ludic 8 0.31349043549768224
topograph 8 0.31349043549768224
dystopian 8 0.31349043549768224
16 8 0.727902249660543
tsaasan 8 0.31349043549768224
tei 8 0.8800789171124
prakash 8 0.31349043549768224
chaudhari 8 0.31349043549768224
embed 8 0.8800789171124
memori 8 0.31349043549768224
embodi 8 0.974597777455099 9 0.8397662360025379
penseiv 8 0.31349043549768224
box 8 0.31349043549768224
brubak 8 0.31349043549768224
u00a0anjanakshi 8 0.31349043549768224
u00a0j 8 0.31349043549768224
charu 8 0.31349043549768224
tenth 8 0.31349043549768224
abandon 8 0.31349043549768224
amanda 8 0.31349043549768224
koehler 8 0.31349043549768224
u00a0david 8 0.49687058459857075
u00a0christian 8 0.31349043549768224
nguyen 8 0.31349043549768224
smart 8 0.31349043549768224
ubicomp 8 0.31349043549768224
lazar 8 0.31349043549768224
u00a02015 8 0.49687058459857075
grove 8 0.49687058459857075
25 8 0.49687058459857075
conceptu 8 0.31349043549768224
wearabl 8 0.49687058459857075
pacif 8 0.49687058459857075
22 8 0.6269808709953645
u2013envis 8 0.31349043549768224
u00a0empathi 8 0.31349043549768224
ident 8 0.5149003101841715 9 0.8397662360025379
theori 8 0.49687058459857075
toward 8 0.31349043549768224
nurtur 8 0.31349043549768224
enact 8 0.31349043549768224
children 8 0.31349043549768224
chu 8 0.49687058459857075
turkey 8 0.31349043549768224
forthcom 8 0.31349043549768224
istanbul 8 0.31349043549768224
quek 8 0.49687058459857075
u00a0perform 8 0.31349043549768224
author 8 0.49687058459857075
ga 8 0.31349043549768224
worri 8 0.31349043549768224
refram 8 0.49687058459857075
atlanta 8 0.31349043549768224
gamer 8 0.31349043549768224
u00a0how 8 0.31349043549768224
love 8 0.31349043549768224
stop 8 0.31349043549768224
sharon 8 0.31349043549768224
child 8 0.31349043549768224
13 8 0.6269808709953645
u00a0luk 8 0.31349043549768224
cognit 8 0.49687058459857075
gusukuma 8 0.31349043549768224
u00a0fr 8 0.31349043549768224
lynn 8 0.31349043549768224
u00a0alissa 8 0.6269808709953645
u00a0john 8 0.31349043549768224
robinson 8 0.31349043549768224
sigchi 8 0.727902249660543
diy 8 0.31349043549768224
util 8 0.31349043549768224
democrat 8 0.31349043549768224
u00a0amanda 8 0.49687058459857075
pleasur 8 0.49687058459857075
u00a02012 8 0.49687058459857075
u00a0ron 8 0.6269808709953645
wakkarychi 8 0.31349043549768224
261 8 0.31349043549768224
u00a0imagin 8 0.31349043549768224
rate 8 0.727902249660543
271 8 0.31349043549768224
role 8 0.31349043549768224
u00a0b 8 0.31349043549768224
55 8 0.31349043549768224
66 8 0.31349043549768224
percept 8 0.49687058459857075
88 8 0.31349043549768224
forum 8 0.31349043549768224
hopper 8 0.31349043549768224
grace 8 0.31349043549768224
93 8 0.31349043549768224
u00a0phd 8 0.31349043549768224
women 8 0.31349043549768224
portland 8 0.31349043549768224
celebr 8 0.31349043549768224
theintern 8 0.31349043549768224
u201911 8 0.31349043549768224
umap 8 0.31349043549768224
lisbon 8 0.31349043549768224
bevan 8 0.49687058459857075
seaborn 8 0.49687058459857075
u00a0balanc 8 0.31349043549768224
portug 8 0.31349043549768224
sept 8 0.49687058459857075
multi 8 0.49687058459857075
wang 8 0.49687058459857075
tabletop 8 0.727902249660543
touch 8 0.49687058459857075
u00a0jim 8 0.49687058459857075
experienc 8 0.31349043549768224
fifth 8 0.49687058459857075
u00a0marek 8 0.49687058459857075
u00a02010 8 0.727902249660543
u00a0magi 8 0.49687058459857075
u00a0allen 8 0.31349043549768224
futura 8 0.31349043549768224
u00a0kati 8 0.31349043549768224
u00a0siji 8 0.31349043549768224
hyperlink 8 0.31349043549768224
iii 8 0.31349043549768224
int3 8 0.31349043549768224
1st 8 0.31349043549768224
ah 8 0.31349043549768224
u00a0decemb 8 0.31349043549768224
u00a0commit 8 0.31349043549768224
u00a08th 8 0.31349043549768224
agenc 8 0.31349043549768224
dac 8 0.31349043549768224
multipl 8 0.31349043549768224
budd 8 0.49687058459857075
u201clearn 8 0.31349043549768224
loughin 8 0.31349043549768224
oct 8 0.31349043549768224
dimitrova 8 0.31349043549768224
greg 8 0.31349043549768224
specht 8 0.31349043549768224
u00a0proceed 8 0.6269808709953645
enhanc 8 0.31349043549768224
51 8 0.31349043549768224
disciplin 8 0.31349043549768224
37 8 0.31349043549768224
u00a0lnc 8 0.31349043549768224
cress 8 0.31349043549768224
tom 8 0.31349043549768224
bardia 8 0.49687058459857075
u00a0european 8 0.31349043549768224
synergi 8 0.31349043549768224
ectel09 8 0.31349043549768224
jim 8 0.49687058459857075
5794 8 0.31349043549768224
mohabbati 8 0.49687058459857075
cor 8 0.31349043549768224
everyday 8 0.31349043549768224
boston 8 0.31349043549768224
374 8 0.31349043549768224
27th 8 0.31349043549768224
365 8 0.31349043549768224
ma 8 0.31349043549768224
215 8 0.31349043549768224
inproceed 8 0.31349043549768224
222 8 0.31349043549768224
kurio 8 0.31349043549768224
u00a0cambridg 8 0.31349043549768224
uk 8 0.31349043549768224
rock 8 0.31349043549768224
09 8 0.31349043549768224
u00a02009 8 0.31349043549768224
sandbox 8 0.31349043549768224
band 8 0.31349043549768224
siggraph 8 0.31349043549768224
250 8 0.31349043549768224
5334 8 0.31349043549768224
u00a0improvis 8 0.31349043549768224
263 8 0.31349043549768224
szila 8 0.31349043549768224
spierl 8 0.31349043549768224
san 8 0.31349043549768224
539 8 0.31349043549768224
francisco 8 0.31349043549768224
547 8 0.31349043549768224
schruben 8 0.31349043549768224
24 8 0.49687058459857075
burgston 8 0.31349043549768224
iaeng 8 0.31349043549768224
u00a0world 8 0.31349043549768224
wcec 8 0.31349043549768224
lnec 8 0.31349043549768224
dougla 8 0.31349043549768224
grundfest 8 0.31349043549768224
constraint 8 0.31349043549768224
2186 8 0.31349043549768224
ah2008 8 0.31349043549768224
germani 8 0.31349043549768224
bonn 8 0.31349043549768224
u00a0workshop 8 0.31349043549768224
juli 8 0.31349043549768224
hypermedia 8 0.31349043549768224
canada 8 0.31349043549768224
ichim07 8 0.31349043549768224
trant 8 0.31349043549768224
archiv 8 0.31349043549768224
bearman 8 0.31349043549768224
2007 8 0.49687058459857075
toronto 8 0.31349043549768224
u00a0affect 8 0.31349043549768224
u00a0novemb 8 0.31349043549768224
arlington 8 0.31349043549768224
u00a0aaai 8 0.31349043549768224
dep 8 0.31349043549768224
u00a0o 8 0.31349043549768224
u011fuz 8 0.31349043549768224
zachari 8 0.31349043549768224
buruk 8 0.31349043549768224
u00a0jessica 8 0.31349043549768224
hammer 8 0.31349043549768224
u00a0nicola 8 0.31349043549768224
lalon 8 0.31349043549768224
toup 8 0.31349043549768224
u00a0ansgar 8 0.31349043549768224
turan 8 0.31349043549768224
craftsmanship 8 0.31349043549768224
melli 8 0.31349043549768224
companion 8 0.31349043549768224
jennif 8 0.31349043549768224
u00a0joel 8 0.31349043549768224
zoran 8 0.31349043549768224
u00a0cesar 8 0.31349043549768224
brandt 8 0.31349043549768224
u00a0amit 8 0.31349043549768224
torr 8 0.31349043549768224
medium 8 0.31349043549768224
dis 8 0.31349043549768224
jacob 8 0.31349043549768224
u00a0luigi 8 0.31349043549768224
u00a0kaho 8 0.31349043549768224
u00a0katherin 8 0.31349043549768224
isbist 8 0.31349043549768224
sullivan 8 0.31349043549768224
anzivino 8 0.31349043549768224
ninth 8 0.31349043549768224
abe 8 0.31349043549768224
u00a0ann 8 0.31349043549768224
u00a0antonio 8 0.31349043549768224
resch 8 0.31349043549768224
hackathon 8 0.31349043549768224
ea 8 0.49687058459857075
hack 8 0.31349043549768224
gamba 8 0.31349043549768224
14 8 0.49687058459857075
bari 8 0.31349043549768224
u00a0gabriel 8 0.31349043549768224
ratto 8 0.31349043549768224
surveil 8 0.31349043549768224
u00a0matt 8 0.31349043549768224
blyth 8 0.31349043549768224
kirman 8 0.31349043549768224
reev 8 0.31349043549768224
u00a0mark 8 0.31349043549768224
u00a0ben 8 0.31349043549768224
linehan 8 0.31349043549768224
conor 8 0.31349043549768224
altern 8 0.31349043549768224
u00a0stuart 8 0.31349043549768224
fab 8 0.31349043549768224
syndic 8 0.31349043549768224
sixth 8 0.31349043549768224
mind 8 0.31349043549768224
u201cpres 8 0.31349043549768224
u00a0understand 8 0.31349043549768224
wear 9 0.810361020096253
draw 9 0.810361020096253
narrativ 9 0.810361020096253
mask 9 0.810361020096253
co 9 0.810361020096253
treat 9 0.810361020096253
elicit 9 0.810361020096253
